Modelo: VGG16_trained
Tempo de execução: 35.283533334732056
Loss: [49.820350646972656, 0.8748284578323364, 0.7001584768295288, 0.7615922093391418, 0.6699377298355103, 0.6795464158058167, 0.6730302572250366, 0.6754717230796814, 0.6711108088493347, 0.6656886339187622, 0.6609839797019958, 0.669765830039978]
Val_loss: [0.6962999105453491, 0.5962615013122559, 0.7579963207244873, 0.6289041042327881, 0.6735697984695435, 0.6232023239135742, 0.6564951539039612, 0.6176003217697144, 0.6255888938903809, 0.6206304430961609, 0.6118916869163513, 0.6251217126846313]
Accuracy: [0.48124998807907104, 0.6187499761581421, 0.612500011920929, 0.6000000238418579, 0.612500011920929, 0.637499988079071, 0.637499988079071, 0.637499988079071, 0.637499988079071, 0.637499988079071, 0.637499988079071, 0.637499988079071]
Val_accuracy: [0.7169811129570007, 0.7169811129570007, 0.2830188572406769, 0.7169811129570007, 0.7169811129570007, 0.7169811129570007, 0.7169811129570007, 0.7169811129570007, 0.7169811129570007, 0.7169811129570007, 0.7169811129570007, 0.7169811129570007]

