Modelo: VGG16_trained
Tempo de execução: 33.12985420227051
Loss: [769.0836791992188, 0.7455069422721863, 0.8137797117233276, 1.1875545978546143, 0.676048994064331, 0.6914201974868774, 0.7249118685722351, 0.6737474203109741, 0.6985146403312683, 0.8094800710678101, 0.6769794821739197]
Val_loss: [0.5960666537284851, 0.6187264919281006, 0.6053824424743652, 0.5971665382385254, 0.5991233587265015, 0.5959534049034119, 0.6106597781181335, 0.6272426247596741, 0.6100455522537231, 0.7565618753433228, 0.5967839360237122]
Accuracy: [0.574999988079071, 0.606249988079071, 0.581250011920929, 0.643750011920929, 0.612500011920929, 0.6187499761581421, 0.6000000238418579, 0.606249988079071, 0.6000000238418579, 0.612500011920929, 0.6000000238418579]
Val_accuracy: [0.7169811129570007, 0.7169811129570007, 0.7169811129570007, 0.7169811129570007, 0.7169811129570007, 0.7169811129570007, 0.7169811129570007, 0.7169811129570007, 0.7169811129570007, 0.2830188572406769, 0.7169811129570007]

