Modelo: VGG16_trained
Tempo de execução: 37.741371631622314
Loss: [5.197894096374512, 0.6806049346923828, 3.7213847637176514, 1.0947797298431396, 0.843562126159668, 0.6631661653518677, 0.6627958416938782, 0.6710401177406311, 0.7188041806221008, 1.0850971937179565, 0.6729042530059814, 0.6738117933273315, 0.6603745222091675]
Val_loss: [0.6007468104362488, 0.6011518836021423, 0.5962390899658203, 0.6093000769615173, 0.5971044301986694, 0.5996299386024475, 0.6159380674362183, 0.6009505391120911, 0.6257573366165161, 0.6186429858207703, 0.6625585556030273, 0.6243457198143005, 0.6071823239326477]
Accuracy: [0.606249988079071, 0.612500011920929, 0.550000011920929, 0.581250011920929, 0.5874999761581421, 0.637499988079071, 0.637499988079071, 0.643750011920929, 0.637499988079071, 0.6000000238418579, 0.625, 0.637499988079071, 0.637499988079071]
Val_accuracy: [0.7169811129570007, 0.7169811129570007, 0.7169811129570007, 0.7169811129570007, 0.7169811129570007, 0.7169811129570007, 0.7169811129570007, 0.7169811129570007, 0.7169811129570007, 0.7169811129570007, 0.7169811129570007, 0.7169811129570007, 0.7169811129570007]

