Modelo: VGG16_trained
Tempo de execução: 41.34381580352783
Loss: [7.627583980560303, 0.708591103553772, 0.6857414841651917, 0.6863033175468445, 2.699493169784546, 9.642793655395508, 0.6862581372261047, 0.6636446714401245, 0.6622223258018494, 0.6620932817459106, 0.6658399105072021, 0.659354567527771, 0.6606319546699524, 0.6585739254951477]
Val_loss: [0.6716200709342957, 0.6130180358886719, 0.5995845794677734, 0.5972329378128052, 0.6975756287574768, 0.6290006041526794, 0.6076844930648804, 0.6060081124305725, 0.6135274171829224, 0.6151191592216492, 0.6108038425445557, 0.6097694039344788, 0.6072977781295776, 0.6028370261192322]
Accuracy: [0.5625, 0.606249988079071, 0.6187499761581421, 0.59375, 0.6187499761581421, 0.5687500238418579, 0.625, 0.637499988079071, 0.637499988079071, 0.637499988079071, 0.637499988079071, 0.637499988079071, 0.637499988079071, 0.637499988079071]
Val_accuracy: [0.7169811129570007, 0.7169811129570007, 0.7169811129570007, 0.7169811129570007, 0.2830188572406769, 0.7169811129570007, 0.7169811129570007, 0.7169811129570007, 0.7169811129570007, 0.7169811129570007, 0.7169811129570007, 0.7169811129570007, 0.7169811129570007, 0.7169811129570007]

