Modelo: VGG16_trained
Tempo de execução: 32.395684242248535
Loss: [2.3744630813598633, 0.8755332827568054, 0.6608894467353821, 0.6723226308822632, 0.6634170413017273, 0.6753398180007935, 0.6780585050582886, 0.6682380437850952, 0.6611824035644531, 0.6615163087844849, 0.6637300848960876]
Val_loss: [0.5957812666893005, 0.620692789554596, 0.5986166000366211, 0.6358596682548523, 0.613126814365387, 0.6232038736343384, 0.6019656658172607, 0.603103756904602, 0.6017103791236877, 0.603812038898468, 0.6062704920768738]
Accuracy: [0.5874999761581421, 0.574999988079071, 0.637499988079071, 0.637499988079071, 0.637499988079071, 0.6187499761581421, 0.612500011920929, 0.637499988079071, 0.637499988079071, 0.637499988079071, 0.637499988079071]
Val_accuracy: [0.7169811129570007, 0.7169811129570007, 0.7169811129570007, 0.7169811129570007, 0.7169811129570007, 0.7169811129570007, 0.7169811129570007, 0.7169811129570007, 0.7169811129570007, 0.7169811129570007, 0.7169811129570007]

