Modelo: VGG16_trained
Tempo de execução: 36.569302558898926
Loss: [1.4789178371429443, 0.691878080368042, 0.6931048631668091, 0.6787523627281189, 0.674928605556488, 0.6773607730865479, 0.6884980201721191, 0.6788004040718079, 0.6711249947547913, 0.6889879107475281, 0.6666128039360046, 0.6792839169502258]
Val_loss: [0.6225454807281494, 0.5965471863746643, 0.5963460206985474, 0.5960383415222168, 0.6330739259719849, 0.5958269834518433, 0.6787225008010864, 0.6036141514778137, 0.5965422987937927, 0.6037798523902893, 0.6584278345108032, 0.6619282364845276]
Accuracy: [0.606249988079071, 0.612500011920929, 0.5874999761581421, 0.6312500238418579, 0.637499988079071, 0.612500011920929, 0.6000000238418579, 0.606249988079071, 0.612500011920929, 0.6187499761581421, 0.612500011920929, 0.606249988079071]
Val_accuracy: [0.7169811129570007, 0.7169811129570007, 0.7169811129570007, 0.7169811129570007, 0.7169811129570007, 0.7169811129570007, 0.7169811129570007, 0.7169811129570007, 0.7169811129570007, 0.7169811129570007, 0.7169811129570007, 0.7169811129570007]

