Modelo: VGG16_trained
Tempo de execução: 49.187816858291626
Loss: [1.0929502248764038, 1.5229973793029785, 0.6578104496002197, 0.665010929107666, 0.6883230209350586, 0.6624436378479004, 0.6858445405960083, 0.7097077965736389, 4.0109477043151855, 0.7223945260047913, 0.6743341088294983, 0.6689497232437134, 0.6652905941009521, 0.6626094579696655, 0.6608155965805054, 0.6592327356338501, 0.6582033634185791]
Val_loss: [1.2551714181900024, 0.6109787821769714, 0.6295287609100342, 0.6311241984367371, 0.6297726631164551, 0.601515531539917, 0.5965870022773743, 0.7470407485961914, 0.6821138858795166, 0.667441189289093, 0.6555212736129761, 0.6477558016777039, 0.639240026473999, 0.6335934996604919, 0.6295379996299744, 0.6269627809524536, 0.6241428256034851]
Accuracy: [0.5562499761581421, 0.625, 0.637499988079071, 0.637499988079071, 0.637499988079071, 0.637499988079071, 0.5687500238418579, 0.612500011920929, 0.6187499761581421, 0.6187499761581421, 0.637499988079071, 0.637499988079071, 0.637499988079071, 0.637499988079071, 0.637499988079071, 0.637499988079071, 0.637499988079071]
Val_accuracy: [0.7169811129570007, 0.7169811129570007, 0.7169811129570007, 0.7169811129570007, 0.7169811129570007, 0.7169811129570007, 0.7169811129570007, 0.7169811129570007, 0.7169811129570007, 0.7169811129570007, 0.7169811129570007, 0.7169811129570007, 0.7169811129570007, 0.7169811129570007, 0.7169811129570007, 0.7169811129570007, 0.7169811129570007]

