Modelo: VGG16_trained
Tempo de execução: 38.588109731674194
Loss: [1.0658133029937744, 0.7312796711921692, 1.3671727180480957, 0.6689720153808594, 1.1513969898223877, 0.6823723316192627, 0.6653097867965698, 0.6612726449966431, 0.6632227897644043, 0.6588540077209473, 0.6709930896759033, 0.6657766699790955, 0.662492036819458]
Val_loss: [0.6038700938224792, 0.6062819361686707, 0.6002349257469177, 0.6850616335868835, 0.6741904020309448, 0.6103547215461731, 0.6567007303237915, 0.6175499558448792, 0.6313362717628479, 0.6621401309967041, 0.6250419020652771, 0.6022710204124451, 0.6016553640365601]
Accuracy: [0.5562499761581421, 0.5874999761581421, 0.6312500238418579, 0.612500011920929, 0.612500011920929, 0.59375, 0.637499988079071, 0.637499988079071, 0.637499988079071, 0.637499988079071, 0.637499988079071, 0.637499988079071, 0.637499988079071]
Val_accuracy: [0.7169811129570007, 0.7169811129570007, 0.7169811129570007, 0.7169811129570007, 0.7169811129570007, 0.7169811129570007, 0.7169811129570007, 0.7169811129570007, 0.7169811129570007, 0.7169811129570007, 0.7169811129570007, 0.7169811129570007, 0.7169811129570007]

