Modelo: VGG16_trained
Tempo de execução: 35.73083567619324
Loss: [1.1250382661819458, 0.7134972214698792, 1.2137748003005981, 0.8392333984375, 0.6636782884597778, 0.6709862947463989, 0.6621048450469971, 0.6668611168861389, 0.6659464240074158, 0.6709569096565247, 0.6627368927001953, 0.6642459630966187]
Val_loss: [0.6068163514137268, 0.5962335467338562, 0.6245342493057251, 0.6024396419525146, 0.6424036026000977, 0.6286225914955139, 0.6174473166465759, 0.6118128895759583, 0.6054322123527527, 0.6474183201789856, 0.6007664203643799, 0.6034524440765381]
Accuracy: [0.5562499761581421, 0.5874999761581421, 0.6000000238418579, 0.59375, 0.637499988079071, 0.637499988079071, 0.637499988079071, 0.637499988079071, 0.637499988079071, 0.637499988079071, 0.637499988079071, 0.637499988079071]
Val_accuracy: [0.7169811129570007, 0.7169811129570007, 0.7169811129570007, 0.7169811129570007, 0.7169811129570007, 0.7169811129570007, 0.7169811129570007, 0.7169811129570007, 0.7169811129570007, 0.7169811129570007, 0.7169811129570007, 0.7169811129570007]

