Modelo: VGG16_trained
Tempo de execução: 49.19740915298462
Loss: [2035.1041259765625, 0.7190682291984558, 1.1467751264572144, 0.8128420114517212, 0.7011807560920715, 0.6707414388656616, 0.6797311902046204, 0.6723132729530334, 0.66075599193573, 0.6583539843559265, 0.6538375616073608, 0.6662205457687378, 0.6582444906234741, 0.6637812852859497, 0.6594829559326172, 0.6629197597503662, 0.6670397520065308]
Val_loss: [0.6068422794342041, 0.5984310507774353, 0.9486225843429565, 0.6075053811073303, 0.6184574961662292, 0.5983914136886597, 0.595816969871521, 0.6099380850791931, 0.6562015414237976, 0.6709091067314148, 0.5988024473190308, 0.5977804064750671, 0.6520184874534607, 0.6102176904678345, 0.6138156652450562, 0.6385550498962402, 0.6182813048362732]
Accuracy: [0.6187499761581421, 0.581250011920929, 0.606249988079071, 0.6187499761581421, 0.625, 0.6499999761581421, 0.6187499761581421, 0.637499988079071, 0.637499988079071, 0.637499988079071, 0.643750011920929, 0.637499988079071, 0.637499988079071, 0.637499988079071, 0.637499988079071, 0.637499988079071, 0.637499988079071]
Val_accuracy: [0.7169811129570007, 0.7169811129570007, 0.7169811129570007, 0.7169811129570007, 0.7169811129570007, 0.7169811129570007, 0.7169811129570007, 0.7169811129570007, 0.7169811129570007, 0.7169811129570007, 0.7169811129570007, 0.7169811129570007, 0.7169811129570007, 0.7169811129570007, 0.7169811129570007, 0.7169811129570007, 0.7169811129570007]

