Modelo: VGG16_trained
Tempo de execução: 44.60280108451843
Loss: [73.4604721069336, 1.3711694478988647, 0.8627356886863708, 0.6573296785354614, 0.648102879524231, 0.6498755216598511, 0.6531059741973877, 0.6440733075141907, 0.6479924917221069, 0.6593238711357117, 0.6500641107559204, 0.6681019067764282, 0.6640704274177551, 0.6541861891746521, 0.6509824991226196]
Val_loss: [0.6762126684188843, 0.6824532747268677, 0.6571083068847656, 0.6542004942893982, 0.6486353874206543, 0.7078753113746643, 0.6809781193733215, 0.6486468315124512, 0.6523430943489075, 0.6487551331520081, 0.6490657329559326, 0.6487964987754822, 0.6499148607254028, 0.6487730741500854, 0.6485984921455383]
Accuracy: [0.5740740895271301, 0.5864197611808777, 0.6111111044883728, 0.6604938507080078, 0.6604938507080078, 0.6604938507080078, 0.6358024477958679, 0.6604938507080078, 0.6604938507080078, 0.6604938507080078, 0.6604938507080078, 0.6481481194496155, 0.6358024477958679, 0.6604938507080078, 0.6604938507080078]
Val_accuracy: [0.6481481194496155, 0.6481481194496155, 0.6481481194496155, 0.6481481194496155, 0.6481481194496155, 0.6481481194496155, 0.6481481194496155, 0.6481481194496155, 0.6481481194496155, 0.6481481194496155, 0.6481481194496155, 0.6481481194496155, 0.6481481194496155, 0.6481481194496155, 0.6481481194496155]

