Modelo: VGG16_trained
Tempo de execução: 45.835355281829834
Loss: [1.8813759088516235, 0.7190164923667908, 0.6475244164466858, 0.6579219698905945, 0.6642378568649292, 0.6665749549865723, 0.6525357365608215, 0.6508741974830627, 0.6667050123214722, 0.6593424677848816, 639.310302734375, 1.1002274751663208, 2.023010015487671, 0.6692054867744446, 0.6577713489532471]
Val_loss: [0.6846810579299927, 0.6666126847267151, 0.6585189700126648, 0.6529693007469177, 0.6493924260139465, 0.6489118933677673, 0.649059534072876, 0.6691158413887024, 0.6494888663291931, 0.655058741569519, 0.6507723331451416, 0.6608800292015076, 0.6682589054107666, 0.6634628772735596, 0.6583784818649292]
Accuracy: [0.5432098507881165, 0.6111111044883728, 0.6419752836227417, 0.6604938507080078, 0.6481481194496155, 0.6419752836227417, 0.6604938507080078, 0.6604938507080078, 0.6234567761421204, 0.6234567761421204, 0.5987654328346252, 0.6358024477958679, 0.6172839403152466, 0.6481481194496155, 0.6604938507080078]
Val_accuracy: [0.6481481194496155, 0.6481481194496155, 0.6481481194496155, 0.6481481194496155, 0.6481481194496155, 0.6481481194496155, 0.6481481194496155, 0.6481481194496155, 0.6481481194496155, 0.6481481194496155, 0.6481481194496155, 0.6481481194496155, 0.6481481194496155, 0.6481481194496155, 0.6481481194496155]

