Modelo: VGG16_trained
Tempo de execução: 47.4494514465332
Loss: [204.97506713867188, 0.7183496952056885, 0.6562250852584839, 0.6626588106155396, 0.664288341999054, 0.6729831695556641, 12.665051460266113, 1.3523200750350952, 0.6997460722923279, 0.6790624260902405, 0.6685957908630371, 0.6610045433044434, 0.6555789709091187, 0.6516945362091064, 0.6486964821815491, 0.6468116044998169]
Val_loss: [0.660723865032196, 0.6706976294517517, 0.6597605347633362, 0.6512317657470703, 0.653717041015625, 0.6487551927566528, 0.6573800444602966, 0.6515542268753052, 0.6851746439933777, 0.6742885112762451, 0.6668187379837036, 0.6614468693733215, 0.6572842597961426, 0.6545665264129639, 0.6524535417556763, 0.6509983539581299]
Accuracy: [0.6234567761421204, 0.6728395223617554, 0.6604938507080078, 0.6604938507080078, 0.6604938507080078, 0.6604938507080078, 0.5864197611808777, 0.6604938507080078, 0.48765432834625244, 0.6604938507080078, 0.6604938507080078, 0.6604938507080078, 0.6604938507080078, 0.6604938507080078, 0.6604938507080078, 0.6604938507080078]
Val_accuracy: [0.6481481194496155, 0.6481481194496155, 0.6481481194496155, 0.6481481194496155, 0.6481481194496155, 0.6481481194496155, 0.6481481194496155, 0.6481481194496155, 0.6481481194496155, 0.6481481194496155, 0.6481481194496155, 0.6481481194496155, 0.6481481194496155, 0.6481481194496155, 0.6481481194496155, 0.6481481194496155]

