Modelo: VGG16_trained
Tempo de execução: 47.26436424255371
Loss: [3.9457759857177734, 0.7055765390396118, 0.7336310148239136, 1.295810580253601, 0.7481141090393066, 0.6669393181800842, 0.6476331949234009, 0.645639955997467, 0.6500940918922424, 0.6480462551116943, 0.6438803672790527, 0.6457357406616211, 0.6456391215324402, 0.6446018815040588, 0.6470730900764465, 0.6431752443313599]
Val_loss: [0.7708011269569397, 0.6766623258590698, 0.72111976146698, 0.6523252129554749, 0.6543724536895752, 0.6486892104148865, 0.6489754915237427, 0.6533030867576599, 0.6492630243301392, 0.6493148803710938, 0.6491265296936035, 0.6496800184249878, 0.6506964564323425, 0.6489536166191101, 0.6489200592041016, 0.649970531463623]
Accuracy: [0.5617284178733826, 0.6296296119689941, 0.6358024477958679, 0.5679012537002563, 0.6234567761421204, 0.6604938507080078, 0.6604938507080078, 0.6604938507080078, 0.654321014881134, 0.6604938507080078, 0.6604938507080078, 0.6604938507080078, 0.6604938507080078, 0.6604938507080078, 0.6604938507080078, 0.6604938507080078]
Val_accuracy: [0.6481481194496155, 0.6481481194496155, 0.35185185074806213, 0.6481481194496155, 0.6481481194496155, 0.6481481194496155, 0.6481481194496155, 0.6481481194496155, 0.6481481194496155, 0.6481481194496155, 0.6481481194496155, 0.6481481194496155, 0.6481481194496155, 0.6481481194496155, 0.6481481194496155, 0.6481481194496155]

