Modelo: VGG16_trained
Tempo de execução: 39.37095499038696
Loss: [44.766571044921875, 0.6627932190895081, 0.6866250038146973, 0.6739750504493713, 1.760811686515808, 0.7982485890388489, 0.6738802194595337, 0.6541449427604675, 0.6559353470802307, 0.6571069359779358, 0.6558312773704529, 0.6489012241363525, 0.6527039408683777]
Val_loss: [0.6660063862800598, 0.654721736907959, 0.649494469165802, 0.6486524939537048, 0.6500340700149536, 0.6581982374191284, 0.6551348567008972, 0.6526161432266235, 0.6686905026435852, 0.6512134671211243, 0.6493831872940063, 0.652934730052948, 0.6487704515457153]
Accuracy: [0.5555555820465088, 0.6604938507080078, 0.6234567761421204, 0.6604938507080078, 0.6296296119689941, 0.6172839403152466, 0.6234567761421204, 0.6604938507080078, 0.6604938507080078, 0.6604938507080078, 0.6604938507080078, 0.6604938507080078, 0.6604938507080078]
Val_accuracy: [0.6481481194496155, 0.6481481194496155, 0.6481481194496155, 0.6481481194496155, 0.6481481194496155, 0.6481481194496155, 0.6481481194496155, 0.6481481194496155, 0.6481481194496155, 0.6481481194496155, 0.6481481194496155, 0.6481481194496155, 0.6481481194496155]

