Modelo: VGG16_trained
Tempo de execução: 36.05012011528015
Loss: [1.1362837553024292, 0.6815595030784607, 4.3174920082092285, 1.780194640159607, 0.6409618854522705, 0.6501445174217224, 0.6438758969306946, 0.6455795168876648, 0.6458838582038879, 0.6467263102531433, 0.647132933139801, 0.6432691812515259]
Val_loss: [0.6571528911590576, 0.6493807435035706, 32.36621856689453, 0.6494374871253967, 0.6586679816246033, 0.6487584114074707, 0.6485923528671265, 0.6487489342689514, 0.649608850479126, 0.6487522721290588, 0.6493126749992371, 0.6491456031799316]
Accuracy: [0.5802469253540039, 0.6296296119689941, 0.6172839403152466, 0.6296296119689941, 0.6604938507080078, 0.6604938507080078, 0.6604938507080078, 0.6604938507080078, 0.6604938507080078, 0.6604938507080078, 0.6604938507080078, 0.6604938507080078]
Val_accuracy: [0.6481481194496155, 0.6481481194496155, 0.6481481194496155, 0.6481481194496155, 0.6481481194496155, 0.6481481194496155, 0.6481481194496155, 0.6481481194496155, 0.6481481194496155, 0.6481481194496155, 0.6481481194496155, 0.6481481194496155]

