Modelo: VGG16_trained
Tempo de execução: 69.91504120826721
Loss: [10.68098258972168, 0.6810470819473267, 0.6702788472175598, 0.6623391509056091, 0.6565975546836853, 0.6523494124412537, 0.6494773030281067, 0.6471877694129944, 0.6456795334815979, 0.6445298790931702, 0.6435534358024597, 0.6426907777786255, 0.6423565149307251, 0.6419479250907898, 0.6416213512420654, 0.6415862441062927, 0.6414464116096497, 0.6415112614631653, 0.6414434313774109, 0.6410884857177734, 0.6413540840148926, 0.6411257386207581, 0.6411519646644592]
Val_loss: [0.6878329515457153, 0.6763129830360413, 0.6682117581367493, 0.6625391840934753, 0.6580381989479065, 0.6547670960426331, 0.6527481079101562, 0.6513251662254333, 0.6505635380744934, 0.6499148011207581, 0.6491672396659851, 0.6489214301109314, 0.6487358212471008, 0.648639440536499, 0.6486258506774902, 0.6485919952392578, 0.6485870480537415, 0.6485933661460876, 0.6486093997955322, 0.6486493349075317, 0.6486800312995911, 0.6486724615097046, 0.6487746834754944]
Accuracy: [0.6172839403152466, 0.6604938507080078, 0.6604938507080078, 0.6604938507080078, 0.6604938507080078, 0.6604938507080078, 0.6604938507080078, 0.6604938507080078, 0.6604938507080078, 0.6604938507080078, 0.6604938507080078, 0.6604938507080078, 0.6604938507080078, 0.6604938507080078, 0.6604938507080078, 0.6604938507080078, 0.6604938507080078, 0.6604938507080078, 0.6604938507080078, 0.6604938507080078, 0.6604938507080078, 0.6604938507080078, 0.6604938507080078]
Val_accuracy: [0.6481481194496155, 0.6481481194496155, 0.6481481194496155, 0.6481481194496155, 0.6481481194496155, 0.6481481194496155, 0.6481481194496155, 0.6481481194496155, 0.6481481194496155, 0.6481481194496155, 0.6481481194496155, 0.6481481194496155, 0.6481481194496155, 0.6481481194496155, 0.6481481194496155, 0.6481481194496155, 0.6481481194496155, 0.6481481194496155, 0.6481481194496155, 0.6481481194496155, 0.6481481194496155, 0.6481481194496155, 0.6481481194496155]

