Modelo: VGG16_trained
Tempo de execução: 36.167983055114746
Loss: [84.21631622314453, 0.7452647686004639, 0.6851044297218323, 0.7045365571975708, 0.656609833240509, 0.6456647515296936, 0.6521843075752258, 0.6491875052452087, 0.6505765318870544, 0.6625553965568542, 0.645749568939209, 0.6497635245323181]
Val_loss: [0.7434765100479126, 0.6485961675643921, 0.6858815550804138, 0.6710988283157349, 0.6504760384559631, 0.6523934602737427, 0.6501952409744263, 0.6500762104988098, 0.6497023701667786, 0.6486393809318542, 0.6520711183547974, 0.6485900282859802]
Accuracy: [0.5925925970077515, 0.6172839403152466, 0.6111111044883728, 0.6604938507080078, 0.6358024477958679, 0.6604938507080078, 0.6604938507080078, 0.6604938507080078, 0.6604938507080078, 0.6358024477958679, 0.6604938507080078, 0.6604938507080078]
Val_accuracy: [0.35185185074806213, 0.6481481194496155, 0.6481481194496155, 0.6481481194496155, 0.6481481194496155, 0.6481481194496155, 0.6481481194496155, 0.6481481194496155, 0.6481481194496155, 0.6481481194496155, 0.6481481194496155, 0.6481481194496155]

