Modelo: VGG16_trained
Tempo de execução: 44.01500058174133
Loss: [1.3388041257858276, 0.7266252636909485, 1.994299292564392, 0.8122043609619141, 0.6669328212738037, 0.6527161598205566, 0.6482571959495544, 0.6522089838981628, 0.6469268202781677, 0.649492084980011, 0.6476564407348633, 0.6432220339775085, 0.6451571583747864, 0.6470596194267273, 0.6553241014480591]
Val_loss: [0.6718173027038574, 0.9118725657463074, 0.9623050689697266, 0.7177746891975403, 0.6491717100143433, 0.6499190926551819, 0.6502681374549866, 0.6486287117004395, 0.6516406536102295, 0.6491570472717285, 0.6505007743835449, 0.6506713628768921, 0.648718535900116, 0.6487351655960083, 0.6487233638763428]
Accuracy: [0.5493826866149902, 0.6296296119689941, 0.6172839403152466, 0.6419752836227417, 0.6296296119689941, 0.6604938507080078, 0.6604938507080078, 0.6604938507080078, 0.6604938507080078, 0.6604938507080078, 0.6604938507080078, 0.6604938507080078, 0.6604938507080078, 0.6604938507080078, 0.6604938507080078]
Val_accuracy: [0.6481481194496155, 0.6481481194496155, 0.6481481194496155, 0.35185185074806213, 0.6481481194496155, 0.6481481194496155, 0.6481481194496155, 0.6481481194496155, 0.6481481194496155, 0.6481481194496155, 0.6481481194496155, 0.6481481194496155, 0.6481481194496155, 0.6481481194496155, 0.6481481194496155]

