Modelo: VGG16_trained
Tempo de execução: 41.25913143157959
Loss: [7.305134296417236, 0.701978325843811, 0.7402508854866028, 0.6845467686653137, 0.6639232635498047, 0.6513853669166565, 0.6985167860984802, 0.8433613777160645, 0.7863251566886902, 0.668887734413147, 0.6488404870033264, 0.6519940495491028, 0.651215136051178, 0.6462295651435852]
Val_loss: [0.6610254645347595, 0.6741722226142883, 0.6814330220222473, 0.6494927406311035, 0.6549575328826904, 0.6486741304397583, 0.6570296883583069, 0.6523929238319397, 0.6669461727142334, 0.65083247423172, 0.6594032645225525, 0.6489269137382507, 0.6523532271385193, 0.6504237055778503]
Accuracy: [0.5617284178733826, 0.6296296119689941, 0.6234567761421204, 0.6419752836227417, 0.6604938507080078, 0.6604938507080078, 0.6358024477958679, 0.6604938507080078, 0.6419752836227417, 0.6604938507080078, 0.6604938507080078, 0.6604938507080078, 0.6604938507080078, 0.6604938507080078]
Val_accuracy: [0.6481481194496155, 0.6481481194496155, 0.6481481194496155, 0.6481481194496155, 0.6481481194496155, 0.6481481194496155, 0.6481481194496155, 0.6481481194496155, 0.6481481194496155, 0.6481481194496155, 0.6481481194496155, 0.6481481194496155, 0.6481481194496155, 0.6481481194496155]

