Modelo: VGG16_trained
Tempo de execução: 47.30092525482178
Loss: [109.8340835571289, 1.0555273294448853, 0.7426239848136902, 0.6434738039970398, 4.0207390785217285, 2.000190019607544, 0.6871126890182495, 0.6345340013504028, 0.639771044254303, 0.6312436461448669, 0.6332615613937378, 0.6326490640640259, 0.6392053365707397, 0.6295429468154907, 0.6221715211868286, 0.6278629899024963]
Val_loss: [0.6846209168434143, 0.7288155555725098, 0.7066507935523987, 0.6752894520759583, 0.6725250482559204, 0.6601983308792114, 0.6610958576202393, 0.6676109433174133, 0.6604155898094177, 0.6730403304100037, 0.6614035367965698, 0.6703458428382874, 0.6666938066482544, 0.6597742438316345, 0.6972131133079529, 0.6598373055458069]
Accuracy: [0.6604938507080078, 0.6728395223617554, 0.6481481194496155, 0.6851851940155029, 0.6604938507080078, 0.6728395223617554, 0.6481481194496155, 0.6851851940155029, 0.6851851940155029, 0.6851851940155029, 0.6851851940155029, 0.6851851940155029, 0.6851851940155029, 0.6851851940155029, 0.6851851940155029, 0.6851851940155029]
Val_accuracy: [0.6296296119689941, 0.6296296119689941, 0.6296296119689941, 0.6296296119689941, 0.6296296119689941, 0.6296296119689941, 0.6296296119689941, 0.6296296119689941, 0.6296296119689941, 0.6296296119689941, 0.6296296119689941, 0.6296296119689941, 0.6296296119689941, 0.6296296119689941, 0.6296296119689941, 0.6296296119689941]

