Modelo: VGG16_trained
Tempo de execução: 45.96297550201416
Loss: [4.385898113250732, 0.787896454334259, 0.9416927099227905, 0.6477147936820984, 0.6349214911460876, 0.6336258053779602, 0.6335470080375671, 0.6340872645378113, 0.6353836059570312, 0.6594169735908508, 0.6263843774795532, 0.6323447227478027, 0.6234604120254517, 0.631493091583252, 0.6307765245437622]
Val_loss: [0.6728020906448364, 0.6654156446456909, 0.670019805431366, 0.6624988913536072, 0.6604908108711243, 0.6741615533828735, 0.6655774712562561, 0.6634640693664551, 0.6846479773521423, 0.6656630635261536, 0.6595072746276855, 0.6621310114860535, 0.697142481803894, 0.6669954657554626, 0.6622820496559143]
Accuracy: [0.6790123581886292, 0.6604938507080078, 0.6481481194496155, 0.6851851940155029, 0.6728395223617554, 0.6851851940155029, 0.6728395223617554, 0.6851851940155029, 0.6728395223617554, 0.6851851940155029, 0.6851851940155029, 0.6851851940155029, 0.6851851940155029, 0.6851851940155029, 0.6851851940155029]
Val_accuracy: [0.6296296119689941, 0.6296296119689941, 0.6296296119689941, 0.6296296119689941, 0.6296296119689941, 0.6296296119689941, 0.6296296119689941, 0.6296296119689941, 0.6296296119689941, 0.6296296119689941, 0.6296296119689941, 0.6296296119689941, 0.6296296119689941, 0.6296296119689941, 0.6296296119689941]

