Modelo: VGG16_trained
Tempo de execução: 60.352829694747925
Loss: [3.417217969894409, 0.7312940955162048, 0.6583928465843201, 0.6559522151947021, 0.7518736124038696, 0.6659644842147827, 0.6539734601974487, 0.6456923484802246, 0.639478862285614, 0.6350951194763184, 0.6319994330406189, 0.6295911073684692, 0.6278967261314392, 0.6266240477561951, 0.6256816983222961, 0.6249372363090515, 0.6245708465576172, 0.6242022514343262, 0.6239526271820068, 0.6237900257110596, 0.6236670613288879]
Val_loss: [0.669954776763916, 0.6638653874397278, 0.6643155217170715, 0.6911110281944275, 0.6796416640281677, 0.6706649661064148, 0.6654358506202698, 0.662133514881134, 0.6603606939315796, 0.6594845056533813, 0.6591750383377075, 0.659217894077301, 0.6594866514205933, 0.6599953174591064, 0.6603507399559021, 0.6610808968544006, 0.6617350578308105, 0.6621337532997131, 0.6627852320671082, 0.662930965423584, 0.6632934212684631]
Accuracy: [0.6604938507080078, 0.6481481194496155, 0.6666666865348816, 0.6851851940155029, 0.6604938507080078, 0.6851851940155029, 0.6851851940155029, 0.6851851940155029, 0.6851851940155029, 0.6851851940155029, 0.6851851940155029, 0.6851851940155029, 0.6851851940155029, 0.6851851940155029, 0.6851851940155029, 0.6851851940155029, 0.6851851940155029, 0.6851851940155029, 0.6851851940155029, 0.6851851940155029, 0.6851851940155029]
Val_accuracy: [0.6296296119689941, 0.6296296119689941, 0.6296296119689941, 0.6296296119689941, 0.6296296119689941, 0.6296296119689941, 0.6296296119689941, 0.6296296119689941, 0.6296296119689941, 0.6296296119689941, 0.6296296119689941, 0.6296296119689941, 0.6296296119689941, 0.6296296119689941, 0.6296296119689941, 0.6296296119689941, 0.6296296119689941, 0.6296296119689941, 0.6296296119689941, 0.6296296119689941, 0.6296296119689941]

