Modelo: VGG16_trained
Tempo de execução: 35.442726135253906
Loss: [4.957651615142822, 1.3171122074127197, 1.8807697296142578, 0.7277539968490601, 0.6281758546829224, 0.6307139992713928, 0.6336954236030579, 0.6351003050804138, 0.6467826962471008, 0.6401074528694153, 0.6442744731903076, 0.6358482241630554]
Val_loss: [0.7774055004119873, 0.6593111753463745, 0.6614291071891785, 0.6738292574882507, 0.6683935523033142, 0.6600032448768616, 0.6615794897079468, 0.6611762642860413, 0.6684256196022034, 0.6807634830474854, 0.6708149313926697, 0.6651286482810974]
Accuracy: [0.6481481194496155, 0.6604938507080078, 0.6851851940155029, 0.6790123581886292, 0.6851851940155029, 0.6851851940155029, 0.6851851940155029, 0.6851851940155029, 0.6666666865348816, 0.6851851940155029, 0.6851851940155029, 0.6851851940155029]
Val_accuracy: [0.6296296119689941, 0.6296296119689941, 0.6296296119689941, 0.6296296119689941, 0.6296296119689941, 0.6296296119689941, 0.6296296119689941, 0.6296296119689941, 0.6296296119689941, 0.6296296119689941, 0.6296296119689941, 0.6296296119689941]

