Modelo: VGG16_trained
Tempo de execução: 46.375115394592285
Loss: [2.2360401153564453, 0.639430046081543, 1.0322190523147583, 0.6411718726158142, 0.6253649592399597, 0.6270303726196289, 0.6348904967308044, 0.6356708407402039, 0.6354930400848389, 0.6299751996994019, 0.6371473073959351, 0.6340048313140869, 0.6344721913337708, 0.6309776306152344, 0.63299161195755, 0.6297340989112854]
Val_loss: [0.7620713114738464, 0.6792256236076355, 0.6707425117492676, 0.6770105957984924, 0.660767138004303, 0.6592791080474854, 0.6591603755950928, 0.6596311926841736, 0.6660789251327515, 0.772211492061615, 0.6653757691383362, 0.6620667576789856, 0.6809282898902893, 0.6757866740226746, 0.6700260639190674, 0.6740573048591614]
Accuracy: [0.6111111044883728, 0.6851851940155029, 0.6419752836227417, 0.6851851940155029, 0.6851851940155029, 0.6851851940155029, 0.6851851940155029, 0.6851851940155029, 0.6851851940155029, 0.6851851940155029, 0.6851851940155029, 0.6851851940155029, 0.6851851940155029, 0.6851851940155029, 0.6851851940155029, 0.6851851940155029]
Val_accuracy: [0.6296296119689941, 0.6296296119689941, 0.6296296119689941, 0.6296296119689941, 0.6296296119689941, 0.6296296119689941, 0.6296296119689941, 0.6296296119689941, 0.6296296119689941, 0.6296296119689941, 0.6296296119689941, 0.6296296119689941, 0.6296296119689941, 0.6296296119689941, 0.6296296119689941, 0.6296296119689941]

