Modelo: VGG16_trained
Tempo de execução: 43.44209313392639
Loss: [10.449471473693848, 1.0142478942871094, 0.6468546986579895, 0.8778278827667236, 2.566880464553833, 0.6762915849685669, 0.6421947479248047, 0.6305913329124451, 0.6309406757354736, 0.6383115649223328, 0.6280577778816223, 0.6254975199699402, 0.6265568137168884, 0.6298730969429016, 0.6289281249046326]
Val_loss: [0.6643398404121399, 0.6873778104782104, 0.6637061238288879, 0.6668899655342102, 0.6591585874557495, 0.6605903506278992, 0.6620171070098877, 0.6623436212539673, 0.6831887364387512, 0.6607145667076111, 0.6630642414093018, 0.6685149669647217, 0.68683922290802, 0.6685348153114319, 0.6649075150489807]
Accuracy: [0.6358024477958679, 0.6728395223617554, 0.6851851940155029, 0.654321014881134, 0.6481481194496155, 0.6851851940155029, 0.6851851940155029, 0.6851851940155029, 0.6851851940155029, 0.6851851940155029, 0.6851851940155029, 0.6851851940155029, 0.6851851940155029, 0.6851851940155029, 0.6851851940155029]
Val_accuracy: [0.6296296119689941, 0.6296296119689941, 0.6296296119689941, 0.6296296119689941, 0.6296296119689941, 0.6296296119689941, 0.6296296119689941, 0.6296296119689941, 0.6296296119689941, 0.6296296119689941, 0.6296296119689941, 0.6296296119689941, 0.6296296119689941, 0.6296296119689941, 0.6296296119689941]

