Modelo: VGG16_trained
Tempo de execução: 38.20890927314758
Loss: [3.2128937244415283, 0.632024347782135, 102.09626007080078, 0.6593747735023499, 0.6336817145347595, 2.0492961406707764, 1.1886411905288696, 0.6605994701385498, 0.6337686777114868, 0.6476468443870544, 0.6295112371444702, 0.6266116499900818, 0.6334916353225708]
Val_loss: [0.6697005033493042, 0.6647835373878479, 0.659237802028656, 0.6614810824394226, 0.6810749173164368, 4.034300804138184, 0.660804808139801, 0.6598207950592041, 0.7409870028495789, 0.7036145329475403, 0.6630707383155823, 0.6897182464599609, 0.6671841144561768]
Accuracy: [0.6419752836227417, 0.654321014881134, 0.6296296119689941, 0.6851851940155029, 0.6851851940155029, 0.6604938507080078, 0.6481481194496155, 0.6851851940155029, 0.6851851940155029, 0.6728395223617554, 0.6851851940155029, 0.6851851940155029, 0.6851851940155029]
Val_accuracy: [0.6296296119689941, 0.6296296119689941, 0.6296296119689941, 0.6296296119689941, 0.6296296119689941, 0.6296296119689941, 0.6296296119689941, 0.6296296119689941, 0.6296296119689941, 0.6296296119689941, 0.6296296119689941, 0.6296296119689941, 0.6296296119689941]

