Modelo: VGG16_trained
Tempo de execução: 41.37251687049866
Loss: [1.6003307104110718, 2.2408628463745117, 0.6557243466377258, 0.6338432431221008, 0.6239218711853027, 0.6323539018630981, 0.6287525296211243, 0.6477619409561157, 0.6986512541770935, 0.6573875546455383, 0.6337145566940308, 0.6283295750617981, 0.6305509805679321, 0.6272680163383484]
Val_loss: [0.9552533030509949, 0.6608406901359558, 0.6742113828659058, 0.6597138047218323, 0.7199711799621582, 0.6796364784240723, 0.676978588104248, 0.6594395637512207, 0.6613441705703735, 0.6978967189788818, 0.6783508658409119, 0.6615628600120544, 0.6761215925216675, 0.6631007194519043]
Accuracy: [0.6296296119689941, 0.654321014881134, 0.6851851940155029, 0.6851851940155029, 0.6851851940155029, 0.6851851940155029, 0.6851851940155029, 0.6851851940155029, 0.6666666865348816, 0.6851851940155029, 0.6851851940155029, 0.6851851940155029, 0.6851851940155029, 0.6851851940155029]
Val_accuracy: [0.6296296119689941, 0.6296296119689941, 0.6296296119689941, 0.6296296119689941, 0.6296296119689941, 0.6296296119689941, 0.6296296119689941, 0.6296296119689941, 0.6296296119689941, 0.6296296119689941, 0.6296296119689941, 0.6296296119689941, 0.6296296119689941, 0.6296296119689941]

