Modelo: VGG16_trained
Tempo de execução: 39.04466485977173
Loss: [3.0087921619415283, 0.9785254001617432, 0.6719027161598206, 0.6480407118797302, 0.6733158826828003, 0.7340978384017944, 49.024452209472656, 2.706333875656128, 0.889379620552063, 0.6329476833343506, 0.6327735781669617, 0.6360158920288086, 0.6332839727401733]
Val_loss: [0.8416175842285156, 0.6776061058044434, 0.6602725982666016, 0.6604516506195068, 0.6747162938117981, 0.7183983325958252, 6.147193431854248, 0.6679368615150452, 0.6746617555618286, 0.6596731543540955, 0.6683581471443176, 0.6610626578330994, 0.6593320369720459]
Accuracy: [0.6358024477958679, 0.6728395223617554, 0.6604938507080078, 0.6604938507080078, 0.6790123581886292, 0.6851851940155029, 0.6481481194496155, 0.5432098507881165, 0.6851851940155029, 0.6851851940155029, 0.6851851940155029, 0.6851851940155029, 0.6851851940155029]
Val_accuracy: [0.6296296119689941, 0.6296296119689941, 0.6296296119689941, 0.6296296119689941, 0.6296296119689941, 0.6296296119689941, 0.6296296119689941, 0.6296296119689941, 0.6296296119689941, 0.6296296119689941, 0.6296296119689941, 0.6296296119689941, 0.6296296119689941]

