Modelo: VGG16_trained
Tempo de execução: 32.2049765586853
Loss: [3.7118759155273438, 0.670559287071228, 0.636043906211853, 0.6312060952186584, 0.6328347325325012, 0.6187397241592407, 0.6306476593017578, 5.185501575469971, 1.2219513654708862, 0.7650777101516724, 0.6392323970794678]
Val_loss: [0.6590813398361206, 0.6601446866989136, 0.6592262387275696, 0.659209132194519, 0.6812376976013184, 0.6611117124557495, 0.7794028520584106, 1.9403045177459717, 0.692844033241272, 0.6592484712600708, 0.6677247285842896]
Accuracy: [0.5987654328346252, 0.6851851940155029, 0.6851851940155029, 0.6851851940155029, 0.6851851940155029, 0.6851851940155029, 0.6851851940155029, 0.6666666865348816, 0.6604938507080078, 0.6790123581886292, 0.6851851940155029]
Val_accuracy: [0.6296296119689941, 0.6296296119689941, 0.6296296119689941, 0.6296296119689941, 0.6296296119689941, 0.6296296119689941, 0.6296296119689941, 0.6296296119689941, 0.6296296119689941, 0.6296296119689941, 0.6296296119689941]

