Modelo: VGG_16
Tempo de execução: 145.55780863761902
Loss: [12361.583984375, 31.291603088378906, 3.7953426837921143, 1.7497243881225586, 0.8089153170585632, 0.7811955809593201, 0.6919741034507751, 0.700800359249115, 0.6999834179878235, 0.6964729428291321, 0.6808909177780151, 0.6813880205154419, 0.7040448784828186, 0.6614101529121399, 0.6743559241294861, 0.6587945222854614, 0.6499397158622742, 0.635902464389801, 0.6347883939743042, 0.6280314326286316, 0.6290183067321777, 0.6327597498893738, 0.632343590259552, 0.6318554878234863, 0.6290450096130371, 0.6298391222953796, 0.6239143013954163, 0.6348995566368103]
Val_loss: [158.36756896972656, 9.011805534362793, 1.6974966526031494, 0.6895186901092529, 0.9418356418609619, 0.6680048704147339, 0.8023970723152161, 0.6608325242996216, 0.668039083480835, 0.7874571681022644, 0.660377562046051, 0.663362443447113, 0.6703842878341675, 0.6822139620780945, 0.663275957107544, 0.7149711847305298, 0.6687973737716675, 0.6591528654098511, 0.679738461971283, 0.6610661745071411, 0.6749094724655151, 0.6763316988945007, 0.6883652806282043, 0.6638919711112976, 0.6695118546485901, 0.6773699522018433, 0.6593276262283325, 0.6595064997673035]
Accuracy: [0.5617284178733826, 0.5679012537002563, 0.5555555820465088, 0.5370370149612427, 0.6111111044883728, 0.5925925970077515, 0.6481481194496155, 0.6234567761421204, 0.6234567761421204, 0.6419752836227417, 0.6851851940155029, 0.6604938507080078, 0.6419752836227417, 0.6604938507080078, 0.6172839403152466, 0.6851851940155029, 0.6851851940155029, 0.6851851940155029, 0.6851851940155029, 0.6851851940155029, 0.6851851940155029, 0.6851851940155029, 0.6851851940155029, 0.6851851940155029, 0.6851851940155029, 0.6851851940155029, 0.6851851940155029, 0.6851851940155029]
Val_accuracy: [0.37037035822868347, 0.37037035822868347, 0.37037035822868347, 0.6296296119689941, 0.6296296119689941, 0.6296296119689941, 0.6296296119689941, 0.6296296119689941, 0.6296296119689941, 0.6296296119689941, 0.6296296119689941, 0.6296296119689941, 0.6296296119689941, 0.6296296119689941, 0.6296296119689941, 0.6296296119689941, 0.6296296119689941, 0.6296296119689941, 0.6296296119689941, 0.6296296119689941, 0.6296296119689941, 0.6296296119689941, 0.6296296119689941, 0.6296296119689941, 0.6296296119689941, 0.6296296119689941, 0.6296296119689941, 0.6296296119689941]

