Modelo: ResNet34
Tempo de execução: 82.68762278556824
Loss: [0.7395725250244141, 0.6804550886154175, 0.46749094128608704, 0.3286670744419098, 0.3593355715274811, 0.3712793290615082, 0.17975428700447083, 0.17824292182922363, 0.15537887811660767, 0.08371997624635696, 0.021530423313379288, 0.005807490088045597, 0.0028416102286428213, 0.002044036751613021, 0.0015750036109238863, 0.0012642437359318137, 0.0010478566400706768, 0.0008785018580965698, 0.0007404609932564199, 0.0006336736842058599, 0.0005453135818243027, 0.00047538307262584567, 0.0004179767856840044, 0.0003616645699366927, 0.00031690261675976217, 0.0002810414880514145, 0.00025025266222655773, 0.0002217223373008892, 0.00019746525504160672, 0.0001759784936439246, 0.0001584604469826445, 0.00014196611300576478, 0.00012845276796724647, 0.000115666858619079]
Val_loss: [3.2203261852264404, 2.7979049682617188, 3.264169692993164, 0.7786504030227661, 1.1658498048782349, 0.8192706108093262, 1.7961848974227905, 0.7924590110778809, 3.243385076522827, 0.47320911288261414, 0.6251294016838074, 0.46489253640174866, 0.45651698112487793, 0.44260337948799133, 0.46337389945983887, 0.46072643995285034, 0.45121848583221436, 0.4421861171722412, 0.4437097907066345, 0.4422703683376312, 0.4409444332122803, 0.448702871799469, 0.4423213005065918, 0.43854379653930664, 0.4413626492023468, 0.4412512481212616, 0.458699494600296, 0.4503951072692871, 0.4863598644733429, 0.4435093402862549, 0.446368008852005, 0.4398428797721863, 0.4627748727798462, 0.48849329352378845]
Accuracy: [0.601307213306427, 0.6274510025978088, 0.7908496856689453, 0.8169934749603271, 0.8366013169288635, 0.8300653696060181, 0.9542483687400818, 0.9411764740943909, 0.9477124214172363, 0.9803921580314636, 1.0, 1.0, 1.0, 1.0, 1.0, 1.0, 1.0, 1.0, 1.0, 1.0, 1.0, 1.0, 1.0, 1.0, 1.0, 1.0, 1.0, 1.0, 1.0, 1.0, 1.0, 1.0, 1.0, 1.0]
Val_accuracy: [0.6470588445663452, 0.6470588445663452, 0.6323529481887817, 0.6176470518112183, 0.4264705777168274, 0.47058823704719543, 0.30882352590560913, 0.6617646813392639, 0.38235294818878174, 0.7352941036224365, 0.720588207244873, 0.7941176295280457, 0.7941176295280457, 0.8088235259056091, 0.7941176295280457, 0.779411792755127, 0.8088235259056091, 0.7941176295280457, 0.8088235259056091, 0.8088235259056091, 0.7941176295280457, 0.8088235259056091, 0.8088235259056091, 0.8088235259056091, 0.7941176295280457, 0.8088235259056091, 0.8088235259056091, 0.8088235259056091, 0.779411792755127, 0.7941176295280457, 0.8088235259056091, 0.8235294222831726, 0.7941176295280457, 0.7941176295280457]

