Modelo: ResNet34
Tempo de execução: 36.44862747192383
Loss: [0.7581428289413452, 0.6169237494468689, 0.5560896396636963, 0.36695703864097595, 0.37506651878356934, 0.4308938980102539, 0.23403212428092957, 0.19415436685085297, 0.22790417075157166, 0.16387218236923218, 0.1403445452451706, 0.11895611137151718, 0.11924328655004501]
Val_loss: [0.9200783967971802, 1.1512655019760132, 0.5394446849822998, 2.3726487159729004, 0.6607252955436707, 0.6593571305274963, 0.6676640510559082, 1.133442759513855, 0.964284360408783, 1.8235876560211182, 7.335846424102783, 1.7931044101715088, 15.362195014953613]
Accuracy: [0.5424836874008179, 0.6797385811805725, 0.7712418437004089, 0.8496732115745544, 0.8169934749603271, 0.8039215803146362, 0.8954248428344727, 0.9019607901573181, 0.9019607901573181, 0.9281045794487, 0.9411764740943909, 0.9607843160629272, 0.9542483687400818]
Val_accuracy: [0.6470588445663452, 0.6470588445663452, 0.6470588445663452, 0.6470588445663452, 0.6470588445663452, 0.6617646813392639, 0.6764705777168274, 0.44117647409439087, 0.6176470518112183, 0.44117647409439087, 0.4117647111415863, 0.3529411852359772, 0.6470588445663452]

