Modelo: ResNet34
Tempo de execução: 38.616053104400635
Loss: [0.7608911395072937, 0.6368030905723572, 0.4389333426952362, 0.373732328414917, 0.2667415142059326, 0.2876757085323334, 0.3638487458229065, 0.17476283013820648, 0.10414377599954605, 0.20697668194770813, 0.26405930519104004, 0.09523370116949081, 0.02759075164794922, 0.01281205378472805]
Val_loss: [0.8303818702697754, 1.0918352603912354, 0.6232069134712219, 0.5703997015953064, 1.123244285583496, 2.86106276512146, 3.7216546535491943, 1.1718634366989136, 3.84706974029541, 3.984895706176758, 0.6926435828208923, 0.6764991283416748, 1.1874555349349976, 0.6935839653015137]
Accuracy: [0.6209150552749634, 0.6928104758262634, 0.8039215803146362, 0.8627451062202454, 0.9215686321258545, 0.8823529481887817, 0.843137264251709, 0.9477124214172363, 0.9673202633857727, 0.9084967374801636, 0.8954248428344727, 0.9738562107086182, 0.9934640526771545, 1.0]
Val_accuracy: [0.6470588445663452, 0.6470588445663452, 0.6911764740943909, 0.75, 0.6176470518112183, 0.6617646813392639, 0.6470588445663452, 0.3970588147640228, 0.36764705181121826, 0.6029411554336548, 0.6029411554336548, 0.720588207244873, 0.5882353186607361, 0.6470588445663452]

