Modelo: ResNet34
Tempo de execução: 40.305843114852905
Loss: [0.727666974067688, 0.641012966632843, 0.5233195424079895, 0.4289529323577881, 0.3757821023464203, 0.47559645771980286, 0.31914618611335754, 0.2538610100746155, 0.1841888129711151, 0.16517969965934753, 0.2227725386619568, 0.31763437390327454, 0.1058436781167984, 0.07846195995807648, 0.05726488307118416]
Val_loss: [0.6740404367446899, 2.195124864578247, 0.919501543045044, 1.0124375820159912, 0.6667324304580688, 0.6750766038894653, 1.0361884832382202, 1.2880064249038696, 1.2816011905670166, 1.5459873676300049, 1.2453645467758179, 3.8679141998291016, 1.3522539138793945, 0.8745065331459045, 1.0688400268554688]
Accuracy: [0.5947712659835815, 0.6470588445663452, 0.7777777910232544, 0.8169934749603271, 0.8235294222831726, 0.8039215803146362, 0.8888888955116272, 0.8888888955116272, 0.9346405267715454, 0.9411764740943909, 0.915032684803009, 0.8627451062202454, 0.9738562107086182, 0.9869281053543091, 0.9803921580314636]
Val_accuracy: [0.6470588445663452, 0.6470588445663452, 0.6470588445663452, 0.6764705777168274, 0.6764705777168274, 0.8088235259056091, 0.5882353186607361, 0.6911764740943909, 0.529411792755127, 0.6470588445663452, 0.5588235259056091, 0.6470588445663452, 0.4852941036224365, 0.7647058963775635, 0.529411792755127]

