Modelo: ResNet34
Tempo de execução: 40.85467720031738
Loss: [0.7652403116226196, 0.7042335867881775, 0.5230787396430969, 0.4098375737667084, 0.431382417678833, 0.2534032166004181, 0.2917405068874359, 0.17860718071460724, 0.12297521531581879, 0.2196391522884369, 0.16484537720680237, 0.11379945278167725, 0.05793631449341774, 0.04768006503582001]
Val_loss: [5.705098628997803, 10.50399398803711, 3.5024893283843994, 0.3771076202392578, 0.514912486076355, 0.8018243908882141, 0.5671136379241943, 0.5926642417907715, 0.7240591645240784, 27.576242446899414, 0.6336707472801208, 0.48567894101142883, 1.5893434286117554, 2.8179144859313965]
Accuracy: [0.601307213306427, 0.6601307392120361, 0.7450980544090271, 0.8169934749603271, 0.7973856329917908, 0.8954248428344727, 0.8692810535430908, 0.9411764740943909, 0.9673202633857727, 0.8823529481887817, 0.9281045794487, 0.9673202633857727, 0.9803921580314636, 0.9934640526771545]
Val_accuracy: [0.6470588445663452, 0.3529411852359772, 0.6617646813392639, 0.8235294222831726, 0.720588207244873, 0.8382353186607361, 0.8088235259056091, 0.75, 0.7647058963775635, 0.6470588445663452, 0.6764705777168274, 0.8235294222831726, 0.6029411554336548, 0.6470588445663452]

