Modelo: ResNet34
Tempo de execução: 66.10818409919739
Loss: [0.7542281746864319, 0.6272422671318054, 0.5882328748703003, 0.4427340626716614, 0.37697359919548035, 0.3263048529624939, 0.293527752161026, 0.17663075029850006, 0.17662067711353302, 0.10621492564678192, 0.19154927134513855, 0.11730386316776276, 0.054123036563396454, 0.01344765443354845, 0.00607267115265131, 0.0033627301454544067, 0.00242216931656003, 0.0019440582254901528, 0.0015780614921823144, 0.0013006996596232057, 0.0010892805876210332, 0.0009392081992700696, 0.0007966649136506021, 0.0006714722258038819, 0.0005857397918589413, 0.0005160177825018764]
Val_loss: [1.1928683519363403, 8.246360778808594, 1.0833806991577148, 1.1288515329360962, 0.8516805171966553, 1.3783940076828003, 0.9685320854187012, 0.6676025986671448, 0.6919125914573669, 1.075655460357666, 0.6077439188957214, 0.7628817558288574, 0.5977867841720581, 0.5526898503303528, 0.5828692317008972, 0.5374100208282471, 0.5390685200691223, 0.5439767837524414, 0.5598927140235901, 0.5450363159179688, 0.5442858338356018, 0.5575826168060303, 0.5564745664596558, 0.5720391869544983, 0.5467191934585571, 0.5483453273773193]
Accuracy: [0.601307213306427, 0.7124183177947998, 0.7516340017318726, 0.8104575276374817, 0.8104575276374817, 0.8562091588973999, 0.8627451062202454, 0.9346405267715454, 0.9281045794487, 0.9477124214172363, 0.9281045794487, 0.9607843160629272, 0.9869281053543091, 1.0, 1.0, 1.0, 1.0, 1.0, 1.0, 1.0, 1.0, 1.0, 1.0, 1.0, 1.0, 1.0]
Val_accuracy: [0.6470588445663452, 0.6470588445663452, 0.6911764740943909, 0.7058823704719543, 0.8235294222831726, 0.6911764740943909, 0.7647058963775635, 0.6911764740943909, 0.7941176295280457, 0.7647058963775635, 0.8088235259056091, 0.779411792755127, 0.7647058963775635, 0.8382353186607361, 0.7941176295280457, 0.8529411554336548, 0.8088235259056091, 0.8235294222831726, 0.8235294222831726, 0.8235294222831726, 0.8382353186607361, 0.8235294222831726, 0.8235294222831726, 0.8088235259056091, 0.8088235259056091, 0.8235294222831726]

