Modelo: ResNet34
Tempo de execução: 40.88904142379761
Loss: [0.7606905102729797, 0.5777349472045898, 0.5603844523429871, 0.47593429684638977, 0.33471032977104187, 0.2832464575767517, 0.29377543926239014, 0.19779342412948608, 0.22956706583499908, 0.2678113579750061, 0.147339329123497, 0.1418200135231018, 0.10863707959651947, 0.08630184829235077, 0.1811085343360901]
Val_loss: [0.8613468408584595, 0.5210899114608765, 1.218675136566162, 0.5449517965316772, 0.4869881272315979, 2.1872589588165283, 83.66241455078125, 0.8766089081764221, 33.31258773803711, 0.7565286755561829, 2.5631396770477295, 1.9286755323410034, 0.7858381867408752, 0.6956819891929626, 9.430543899536133]
Accuracy: [0.5816993713378906, 0.7254902124404907, 0.7516340017318726, 0.7908496856689453, 0.8758170008659363, 0.8758170008659363, 0.8692810535430908, 0.9281045794487, 0.8954248428344727, 0.8823529481887817, 0.9346405267715454, 0.9477124214172363, 0.9673202633857727, 0.9673202633857727, 0.9215686321258545]
Val_accuracy: [0.6470588445663452, 0.8235294222831726, 0.3235294222831726, 0.7352941036224365, 0.8088235259056091, 0.47058823704719543, 0.3529411852359772, 0.75, 0.3529411852359772, 0.75, 0.4117647111415863, 0.47058823704719543, 0.8088235259056091, 0.7352941036224365, 0.3529411852359772]

