Modelo: ResNet34
Tempo de execução: 33.79685425758362
Loss: [0.6985585689544678, 0.5969778299331665, 0.5541713237762451, 0.43687179684638977, 0.49157190322875977, 0.32924193143844604, 0.28829848766326904, 0.3419654071331024, 0.27828115224838257, 0.20167966187000275, 0.17408262193202972]
Val_loss: [0.6977860927581787, 1.656087040901184, 4.0440802574157715, 5.443728446960449, 3.1593751907348633, 2.2248058319091797, 14.985945701599121, 22.785512924194336, 1.852402925491333, 4.3285136222839355, 1.622620940208435]
Accuracy: [0.6078431606292725, 0.7058823704719543, 0.7450980544090271, 0.7908496856689453, 0.7908496856689453, 0.8562091588973999, 0.8758170008659363, 0.8366013169288635, 0.9019607901573181, 0.915032684803009, 0.9411764740943909]
Val_accuracy: [0.6470588445663452, 0.6470588445663452, 0.6617646813392639, 0.6617646813392639, 0.5441176295280457, 0.5588235259056091, 0.5147058963775635, 0.6470588445663452, 0.6617646813392639, 0.6176470518112183, 0.44117647409439087]

