Modelo: ResNet34
Tempo de execução: 114.6168851852417
Loss: [0.8314802646636963, 0.6343088746070862, 0.42596495151519775, 0.3186939060688019, 0.3044656217098236, 0.22590121626853943, 0.24731048941612244, 0.21975862979888916, 0.1288309097290039, 0.05202193930745125, 0.05019242316484451, 0.006032625678926706, 0.003193112788721919, 0.002135659335181117, 0.0016516437754034996, 0.0013327810447663069, 0.0010946565307676792, 0.0009271900053136051, 0.0007921381038613617, 0.0006761048571206629, 0.0005872679757885635, 0.0005062371492385864, 0.00044444602099247277, 0.00039488435140810907, 0.00035005342215299606, 0.00030880075064487755, 0.00027183222118765116, 0.00024254323216155171, 0.00021767090947832912, 0.00019528003758750856, 0.00017712183762341738, 0.00015657056064810604, 0.00014324404764920473, 0.00012761572725139558, 0.00011443408584455028, 0.00010344975453335792, 9.408713958691806e-05, 8.545262244297192e-05, 7.706349424552172e-05, 7.06875798641704e-05, 6.405106978490949e-05, 5.7003133406396955e-05, 5.367709309211932e-05, 4.8044632421806455e-05, 4.3553249270189553e-05, 3.965705036534928e-05]
Val_loss: [0.6236206889152527, 0.8301769495010376, 1.6862469911575317, 1.48942232131958, 0.5787819027900696, 5.9765095710754395, 0.7127172350883484, 2.8380186557769775, 0.5716480612754822, 0.7550466060638428, 1.181901216506958, 0.5841832756996155, 0.5392566919326782, 0.5165122747421265, 0.4984036087989807, 0.49300312995910645, 0.5012263655662537, 0.493149071931839, 0.4874679446220398, 0.48873671889305115, 0.4686591625213623, 0.4770611524581909, 0.45720770955085754, 0.4615080654621124, 0.4569239914417267, 0.45708489418029785, 0.46332791447639465, 0.46621033549308777, 0.46350401639938354, 0.4311865270137787, 0.432046502828598, 0.43649792671203613, 0.4350028336048126, 0.45128118991851807, 0.4627070724964142, 0.43113166093826294, 0.43402475118637085, 0.43867015838623047, 0.44050002098083496, 0.44621485471725464, 0.4352551996707916, 0.44721484184265137, 0.4459911286830902, 0.44978806376457214, 0.44555211067199707, 0.4435598850250244]
Accuracy: [0.5098039507865906, 0.6928104758262634, 0.8039215803146362, 0.8562091588973999, 0.8562091588973999, 0.8823529481887817, 0.8888888955116272, 0.8954248428344727, 0.9281045794487, 0.9869281053543091, 0.9803921580314636, 1.0, 1.0, 1.0, 1.0, 1.0, 1.0, 1.0, 1.0, 1.0, 1.0, 1.0, 1.0, 1.0, 1.0, 1.0, 1.0, 1.0, 1.0, 1.0, 1.0, 1.0, 1.0, 1.0, 1.0, 1.0, 1.0, 1.0, 1.0, 1.0, 1.0, 1.0, 1.0, 1.0, 1.0, 1.0]
Val_accuracy: [0.6764705777168274, 0.5588235259056091, 0.6617646813392639, 0.6764705777168274, 0.7647058963775635, 0.6470588445663452, 0.75, 0.7058823704719543, 0.7941176295280457, 0.8088235259056091, 0.720588207244873, 0.8088235259056091, 0.8088235259056091, 0.7941176295280457, 0.7941176295280457, 0.7941176295280457, 0.7941176295280457, 0.7941176295280457, 0.7941176295280457, 0.7941176295280457, 0.7941176295280457, 0.7941176295280457, 0.7941176295280457, 0.7941176295280457, 0.7941176295280457, 0.7941176295280457, 0.7941176295280457, 0.7941176295280457, 0.7941176295280457, 0.8088235259056091, 0.8088235259056091, 0.8088235259056091, 0.8088235259056091, 0.7941176295280457, 0.7941176295280457, 0.8088235259056091, 0.8088235259056091, 0.7941176295280457, 0.7941176295280457, 0.7941176295280457, 0.8088235259056091, 0.779411792755127, 0.8088235259056091, 0.8088235259056091, 0.8088235259056091, 0.7647058963775635]

