Modelo: ResNet34
Tempo de execução: 63.3378701210022
Loss: [0.7129988670349121, 0.6163603663444519, 0.3919234573841095, 0.3094569742679596, 0.26362696290016174, 0.24296604096889496, 0.14690428972244263, 0.05971749499440193, 0.16478437185287476, 0.32501018047332764, 0.13897351920604706, 0.20602528750896454, 0.11938193440437317, 0.06325549632310867, 0.015947965905070305, 0.005441875662654638, 0.0031245723366737366, 0.002414080547168851, 0.0016419071471318603, 0.0012840706622228026, 0.0010406025685369968, 0.000921103113796562, 0.0007806753274053335, 0.0006739121745340526, 0.0006033024983480573]
Val_loss: [2.7633588314056396, 19.55985450744629, 1.544022560119629, 1.3118834495544434, 2.0793237686157227, 1.2195534706115723, 0.6503849625587463, 1.537573218345642, 4.284839630126953, 0.6129023432731628, 0.6620535850524902, 1.1368317604064941, 0.6390623450279236, 1.6263848543167114, 0.5509116649627686, 0.6694801449775696, 0.8535841703414917, 0.741514265537262, 0.7303285002708435, 0.7185536026954651, 0.7484623193740845, 0.706662118434906, 0.7104458808898926, 0.7322341203689575, 0.7654764652252197]
Accuracy: [0.601307213306427, 0.7058823704719543, 0.8039215803146362, 0.8562091588973999, 0.8888888955116272, 0.915032684803009, 0.9673202633857727, 0.9869281053543091, 0.9019607901573181, 0.8627451062202454, 0.9738562107086182, 0.9215686321258545, 0.9477124214172363, 0.9869281053543091, 1.0, 1.0, 1.0, 1.0, 1.0, 1.0, 1.0, 1.0, 1.0, 1.0, 1.0]
Val_accuracy: [0.6470588445663452, 0.3529411852359772, 0.5147058963775635, 0.6323529481887817, 0.4852941036224365, 0.47058823704719543, 0.7647058963775635, 0.5735294222831726, 0.6470588445663452, 0.7941176295280457, 0.8235294222831726, 0.720588207244873, 0.7647058963775635, 0.5588235259056091, 0.7941176295280457, 0.779411792755127, 0.7058823704719543, 0.7647058963775635, 0.779411792755127, 0.779411792755127, 0.779411792755127, 0.779411792755127, 0.779411792755127, 0.779411792755127, 0.779411792755127]

