Modelo: ResNet34
Tempo de execução: 51.28067088127136
Loss: [1.0305469036102295, 0.8693134784698486, 0.7860497236251831, 0.7795031070709229, 0.843452513217926, 0.7483339309692383, 0.7322067618370056, 0.6954219341278076, 0.6738575100898743, 0.744297444820404, 0.6430390477180481, 0.668549120426178, 0.718167781829834, 0.708817183971405, 0.7070284485816956, 0.646641194820404, 0.6656543612480164, 0.6973408460617065, 0.6808733940124512]
Val_loss: [84.04568481445312, 0.9222878217697144, 13.167390823364258, 1.1247797012329102, 14.464899063110352, 3.9715075492858887, 1.408584713935852, 2.4993581771850586, 0.68266761302948, 0.7777280211448669, 0.7124994993209839, 6.058897972106934, 21.659072875976562, 0.6978526711463928, 3.734889507293701, 8.309041023254395, 20.274709701538086, 0.9142078161239624, 0.8882882595062256]
Accuracy: [0.5597484111785889, 0.5786163806915283, 0.5849056839942932, 0.5786163806915283, 0.5660377144813538, 0.6037735939025879, 0.6289308071136475, 0.5786163806915283, 0.6226415038108826, 0.5723270177841187, 0.6855345964431763, 0.6415094137191772, 0.6163522005081177, 0.6289308071136475, 0.6100628972053528, 0.6352201104164124, 0.6603773832321167, 0.6477987170219421, 0.6477987170219421]
Val_accuracy: [0.6037735939025879, 0.3962264060974121, 0.6037735939025879, 0.6037735939025879, 0.6037735939025879, 0.6037735939025879, 0.6037735939025879, 0.6037735939025879, 0.5849056839942932, 0.6226415038108826, 0.4528301954269409, 0.6037735939025879, 0.6037735939025879, 0.4150943458080292, 0.6037735939025879, 0.6037735939025879, 0.6037735939025879, 0.6037735939025879, 0.6037735939025879]

