Modelo: ResNet34
Tempo de execução: 47.96684789657593
Loss: [1.0231773853302002, 0.7407101988792419, 0.8533214926719666, 0.6935039162635803, 0.7714170813560486, 0.6795694828033447, 0.6630887389183044, 0.6187503933906555, 0.5978409051895142, 0.5140035152435303, 0.5522705912590027, 0.42219191789627075, 0.4046647548675537, 0.5924668908119202, 0.3368034064769745, 0.4142950773239136, 0.3471073508262634, 0.40360167622566223]
Val_loss: [0.6721251010894775, 1.9999312162399292, 1.1591532230377197, 87.33322143554688, 92.13108825683594, 28.191341400146484, 6.966578006744385, 0.6554720401763916, 4.699310779571533, 38.899253845214844, 14.357625961303711, 2.9996087551116943, 51.39035415649414, 14.975202560424805, 1.7727833986282349, 4.107368469238281, 1.4120482206344604, 28.073171615600586]
Accuracy: [0.6037735939025879, 0.5849056839942932, 0.5849056839942932, 0.6477987170219421, 0.5660377144813538, 0.6477987170219421, 0.6729559898376465, 0.7421383857727051, 0.7106918096542358, 0.7358490824699402, 0.7610062956809998, 0.8238993883132935, 0.8553459048271179, 0.7295597195625305, 0.849056601524353, 0.8427672982215881, 0.8553459048271179, 0.8301886916160583]
Val_accuracy: [0.6037735939025879, 0.3962264060974121, 0.3962264060974121, 0.6037735939025879, 0.5849056839942932, 0.6037735939025879, 0.5283018946647644, 0.6226415038108826, 0.6037735939025879, 0.6037735939025879, 0.6037735939025879, 0.5094339847564697, 0.6037735939025879, 0.6037735939025879, 0.5471698045730591, 0.6037735939025879, 0.4528301954269409, 0.6037735939025879]

