Modelo: ResNet34
Tempo de execução: 36.652060747146606
Loss: [0.9004616141319275, 0.8630712032318115, 0.7561779618263245, 0.7223117351531982, 0.7498918175697327, 0.7287216186523438, 0.7236614227294922, 0.7122134566307068, 0.7992284297943115, 0.7737858891487122, 0.7306926250457764, 0.709718644618988, 0.6489436626434326]
Val_loss: [1.0591654777526855, 0.773526668548584, 0.7239643335342407, 19.62480354309082, 21.685047149658203, 1.0190074443817139, 0.7279847860336304, 16.99237060546875, 15.025593757629395, 16.000490188598633, 28.005395889282227, 4.003905296325684, 34.846580505371094]
Accuracy: [0.5723270177841187, 0.6289308071136475, 0.6100628972053528, 0.6603773832321167, 0.6603773832321167, 0.6226415038108826, 0.5911949872970581, 0.6163522005081177, 0.6037735939025879, 0.6100628972053528, 0.6037735939025879, 0.6540880799293518, 0.6603773832321167]
Val_accuracy: [0.6037735939025879, 0.6037735939025879, 0.3962264060974121, 0.6037735939025879, 0.4150943458080292, 0.5094339847564697, 0.6037735939025879, 0.4150943458080292, 0.3962264060974121, 0.3962264060974121, 0.6037735939025879, 0.37735849618911743, 0.4528301954269409]

