Modelo: ResNet34
Tempo de execução: 39.948373556137085
Loss: [1.0865119695663452, 0.7332261800765991, 0.7593676447868347, 0.7372024059295654, 0.6633196473121643, 0.7004315257072449, 0.7021499872207642, 0.7128055095672607, 0.8204730749130249, 0.6445208191871643, 0.7259343266487122, 0.6952221989631653, 0.6738808155059814, 0.6921958923339844]
Val_loss: [0.6721298098564148, 0.7511166930198669, 0.7561981081962585, 0.6619200110435486, 2.2036871910095215, 2.475975513458252, 0.7489289045333862, 3.24657940864563, 0.9528909921646118, 0.828818678855896, 0.7544115781784058, 0.7207816243171692, 3.5493340492248535, 0.8455557823181152]
Accuracy: [0.5723270177841187, 0.6352201104164124, 0.6037735939025879, 0.6477987170219421, 0.5911949872970581, 0.6603773832321167, 0.6477987170219421, 0.6289308071136475, 0.597484290599823, 0.6540880799293518, 0.6415094137191772, 0.6477987170219421, 0.6729559898376465, 0.6729559898376465]
Val_accuracy: [0.6037735939025879, 0.6037735939025879, 0.3962264060974121, 0.6603773832321167, 0.6037735939025879, 0.6037735939025879, 0.6037735939025879, 0.6037735939025879, 0.6037735939025879, 0.5283018946647644, 0.6037735939025879, 0.6226415038108826, 0.6037735939025879, 0.2830188572406769]

