Modelo: ResNet34
Tempo de execução: 33.9263482093811
Loss: [0.9608566164970398, 0.9780775308609009, 0.7342431545257568, 0.680143415927887, 0.7800136208534241, 0.7361077070236206, 0.7387179732322693, 0.7291267514228821, 0.7012339234352112, 0.696612536907196, 0.7065459489822388, 0.664216935634613]
Val_loss: [0.879370927810669, 0.7277054786682129, 0.9601187109947205, 1.0205140113830566, 8.543298721313477, 1.2402191162109375, 0.9749706983566284, 7.493871688842773, 1.7539979219436646, 0.9854223728179932, 0.8729195594787598, 40.16773986816406]
Accuracy: [0.5786163806915283, 0.5597484111785889, 0.6540880799293518, 0.6352201104164124, 0.6163522005081177, 0.6100628972053528, 0.5849056839942932, 0.6226415038108826, 0.6100628972053528, 0.6729559898376465, 0.6415094137191772, 0.6415094137191772]
Val_accuracy: [0.6037735939025879, 0.6037735939025879, 0.6037735939025879, 0.6037735939025879, 0.6415094137191772, 0.5283018946647644, 0.6037735939025879, 0.35849055647850037, 0.6037735939025879, 0.6037735939025879, 0.6037735939025879, 0.5849056839942932]

