Modelo: ResNet34
Tempo de execução: 56.5032320022583
Loss: [1.036665678024292, 0.8866263628005981, 0.7649221420288086, 0.8352320194244385, 0.7612362504005432, 0.7666126489639282, 0.7709944248199463, 0.7123664617538452, 0.6765512228012085, 0.772768497467041, 0.6378688216209412, 0.6711697578430176, 0.6631017923355103, 0.6522262692451477, 0.7355075478553772, 0.6628885269165039, 0.6406499743461609, 0.62017422914505, 0.6304144859313965, 0.5522323846817017, 0.637248694896698, 0.6010919809341431]
Val_loss: [0.7070721387863159, 0.8372607827186584, 0.6846913695335388, 0.6943497061729431, 1.1258176565170288, 6.8971452713012695, 1.9302057027816772, 0.6652700901031494, 1.3267590999603271, 0.745281994342804, 69.73519134521484, 0.6464982032775879, 2.5556139945983887, 0.7229733467102051, 1.9011774063110352, 0.7316198348999023, 1.0156246423721313, 0.7970786690711975, 0.7511443495750427, 0.7060419321060181, 0.8661366701126099, 0.7428786754608154]
Accuracy: [0.5723270177841187, 0.6037735939025879, 0.6226415038108826, 0.5597484111785889, 0.5471698045730591, 0.5849056839942932, 0.6100628972053528, 0.6540880799293518, 0.6352201104164124, 0.5786163806915283, 0.6603773832321167, 0.6226415038108826, 0.6477987170219421, 0.6540880799293518, 0.6037735939025879, 0.6666666865348816, 0.6918238997459412, 0.7232704162597656, 0.698113203048706, 0.7232704162597656, 0.6477987170219421, 0.6540880799293518]
Val_accuracy: [0.3962264060974121, 0.6037735939025879, 0.6037735939025879, 0.3962264060974121, 0.6037735939025879, 0.6037735939025879, 0.3962264060974121, 0.6037735939025879, 0.4528301954269409, 0.7358490824699402, 0.6037735939025879, 0.698113203048706, 0.6037735939025879, 0.6226415038108826, 0.6037735939025879, 0.6037735939025879, 0.3962264060974121, 0.6037735939025879, 0.6037735939025879, 0.5471698045730591, 0.5283018946647644, 0.4716981053352356]

