Modelo: ResNet34
Tempo de execução: 31.412521362304688
Loss: [1.0441001653671265, 0.8215803503990173, 0.7819584608078003, 0.742891788482666, 0.7804625034332275, 0.8061769008636475, 0.8094385266304016, 0.6826436519622803, 0.6422166228294373, 0.6054315567016602, 0.5949996709823608]
Val_loss: [1.1284343004226685, 2.790900230407715, 26.913211822509766, 2.6972951889038086, 2.053867816925049, 32.72766876220703, 28.576248168945312, 60.498538970947266, 21.06568717956543, 6.66318416595459, 43.49818801879883]
Accuracy: [0.553459107875824, 0.5911949872970581, 0.5849056839942932, 0.6540880799293518, 0.553459107875824, 0.6477987170219421, 0.5911949872970581, 0.704402506351471, 0.6603773832321167, 0.6603773832321167, 0.7232704162597656]
Val_accuracy: [0.3962264060974121, 0.3962264060974121, 0.6037735939025879, 0.6037735939025879, 0.3962264060974121, 0.5849056839942932, 0.6037735939025879, 0.6037735939025879, 0.6415094137191772, 0.5849056839942932, 0.6037735939025879]

