Modelo: ResNet34
Tempo de execução: 88.84934163093567
Loss: [0.9646268486976624, 0.8205196857452393, 0.8063711524009705, 0.7111639976501465, 0.7325150370597839, 0.7856424450874329, 0.8009592890739441, 0.7311161160469055, 0.7516106367111206, 0.7346340417861938, 0.7897084355354309, 0.7540709376335144, 0.7879454493522644, 0.6824130415916443, 0.7190580368041992, 0.6592501997947693, 0.6874263882637024, 0.6449282765388489, 0.6491847634315491, 0.6572355628013611, 0.6419241428375244, 0.6015598773956299, 0.7437987923622131, 0.6571570634841919, 0.6824107766151428, 0.7343653440475464, 0.6678606867790222, 0.7463908195495605, 0.6405377388000488, 0.7470451593399048, 0.7079894542694092, 0.6740071773529053, 0.6664053201675415, 0.6129486560821533, 0.6138139367103577, 0.5374934077262878, 0.6088950634002686]
Val_loss: [0.8027562499046326, 143.55282592773438, 43.60254669189453, 0.7532703280448914, 45.56261444091797, 197.88043212890625, 2.533926010131836, 4.925765514373779, 53.95311737060547, 0.8665404915809631, 0.6717580556869507, 0.6703467965126038, 0.6830617189407349, 2.2107560634613037, 0.6816422939300537, 1.0885553359985352, 0.7380329966545105, 50.57654571533203, 1.2527596950531006, 9.890226364135742, 0.6412363648414612, 0.8155162930488586, 0.6820449233055115, 0.9461538195610046, 6.6461920738220215, 0.758049726486206, 0.6310979127883911, 1.737955927848816, 2.8538830280303955, 0.721561074256897, 0.672590434551239, 0.6648189425468445, 0.698813259601593, 0.7772661447525024, 1.5318567752838135, 1.0023547410964966, 0.7899634838104248]
Accuracy: [0.6226415038108826, 0.5786163806915283, 0.6540880799293518, 0.6352201104164124, 0.5723270177841187, 0.6226415038108826, 0.5660377144813538, 0.5911949872970581, 0.6037735939025879, 0.6352201104164124, 0.6037735939025879, 0.5786163806915283, 0.5911949872970581, 0.6540880799293518, 0.5911949872970581, 0.6666666865348816, 0.6289308071136475, 0.6603773832321167, 0.6855345964431763, 0.6540880799293518, 0.6855345964431763, 0.7358490824699402, 0.6540880799293518, 0.6666666865348816, 0.6603773832321167, 0.6540880799293518, 0.6415094137191772, 0.6100628972053528, 0.6415094137191772, 0.6352201104164124, 0.6477987170219421, 0.6477987170219421, 0.698113203048706, 0.6792452931404114, 0.7106918096542358, 0.7421383857727051, 0.6792452931404114]
Val_accuracy: [0.3962264060974121, 0.3962264060974121, 0.3962264060974121, 0.3962264060974121, 0.3962264060974121, 0.6037735939025879, 0.4528301954269409, 0.6037735939025879, 0.6037735939025879, 0.6037735939025879, 0.6037735939025879, 0.6037735939025879, 0.6037735939025879, 0.3962264060974121, 0.5094339847564697, 0.6037735939025879, 0.6037735939025879, 0.6037735939025879, 0.5660377144813538, 0.3962264060974121, 0.6226415038108826, 0.3962264060974121, 0.6037735939025879, 0.6226415038108826, 0.6037735939025879, 0.4150943458080292, 0.6037735939025879, 0.6037735939025879, 0.6037735939025879, 0.6037735939025879, 0.6037735939025879, 0.6037735939025879, 0.5849056839942932, 0.6037735939025879, 0.5849056839942932, 0.6037735939025879, 0.5660377144813538]

