Modelo: ResNet34
Tempo de execução: 47.25892114639282
Loss: [0.846348226070404, 0.9041743278503418, 0.7498846650123596, 0.7115610241889954, 0.7841618657112122, 0.80867999792099, 0.8016487956047058, 0.7411994338035583, 0.7296240329742432, 0.7732276916503906, 0.6257894039154053, 0.6943901777267456, 0.7693086266517639, 0.6623871922492981, 0.5957245826721191, 0.596004068851471, 0.6316968202590942, 0.6563984155654907]
Val_loss: [0.7062821984291077, 11.791170120239258, 0.7027938961982727, 0.6900477409362793, 0.8413689732551575, 0.6358163952827454, 21.02305793762207, 0.6297357678413391, 9.912668228149414, 2.323873281478882, 23.002925872802734, 1.2434378862380981, 15.93143367767334, 11.343772888183594, 1.8001762628555298, 39.099056243896484, 1.2148845195770264, 1.2405369281768799]
Accuracy: [0.5723270177841187, 0.5786163806915283, 0.5849056839942932, 0.6477987170219421, 0.5849056839942932, 0.5786163806915283, 0.6415094137191772, 0.597484290599823, 0.597484290599823, 0.6037735939025879, 0.6289308071136475, 0.6163522005081177, 0.5723270177841187, 0.6666666865348816, 0.704402506351471, 0.6855345964431763, 0.698113203048706, 0.6477987170219421]
Val_accuracy: [0.3962264060974121, 0.6037735939025879, 0.6037735939025879, 0.5471698045730591, 0.6037735939025879, 0.7169811129570007, 0.6037735939025879, 0.5849056839942932, 0.5849056839942932, 0.5283018946647644, 0.6037735939025879, 0.18867924809455872, 0.6037735939025879, 0.6037735939025879, 0.5849056839942932, 0.6037735939025879, 0.4150943458080292, 0.5471698045730591]

