Modelo: ResNet34
Tempo de execução: 65.72164511680603
Loss: [1.1197232007980347, 0.8579707145690918, 0.8462757468223572, 0.8156187534332275, 0.7011114358901978, 0.7097527384757996, 0.6942551136016846, 0.7431436777114868, 0.6292026042938232, 0.7194432616233826, 0.7586725354194641, 0.6554214954376221, 0.6549693942070007, 0.6591994762420654, 0.5867277979850769, 0.6545670628547668, 0.624893844127655, 0.5760452747344971, 0.5903628468513489, 0.7173169851303101, 0.6814209818840027, 0.6660639643669128, 0.669457733631134, 0.6806804537773132, 0.655729353427887, 0.6363083720207214, 0.6486894488334656]
Val_loss: [0.671381413936615, 0.7950307130813599, 0.8052035570144653, 0.7633909583091736, 0.7057144045829773, 8.438125610351562, 0.6281229257583618, 2.922374725341797, 1.1713653802871704, 1.0127934217453003, 1.914140224456787, 0.9574800133705139, 0.8993161916732788, 0.8390054702758789, 0.8911794424057007, 0.6381180286407471, 0.6097041368484497, 0.66132652759552, 6.354341506958008, 0.7041292190551758, 0.6603839993476868, 0.7246229648590088, 1.6550896167755127, 1.0811668634414673, 0.7221843600273132, 0.7057670950889587, 0.7169589400291443]
Accuracy: [0.5849056839942932, 0.5849056839942932, 0.6352201104164124, 0.5911949872970581, 0.6540880799293518, 0.6415094137191772, 0.6415094137191772, 0.6352201104164124, 0.6603773832321167, 0.6289308071136475, 0.6540880799293518, 0.6226415038108826, 0.6540880799293518, 0.6477987170219421, 0.6603773832321167, 0.6415094137191772, 0.6540880799293518, 0.6855345964431763, 0.74842768907547, 0.6352201104164124, 0.6352201104164124, 0.6226415038108826, 0.6792452931404114, 0.6477987170219421, 0.6603773832321167, 0.6540880799293518, 0.6603773832321167]
Val_accuracy: [0.6037735939025879, 0.6037735939025879, 0.6037735939025879, 0.6037735939025879, 0.6415094137191772, 0.3962264060974121, 0.6603773832321167, 0.5094339847564697, 0.4716981053352356, 0.6037735939025879, 0.6226415038108826, 0.7169811129570007, 0.6037735939025879, 0.35849055647850037, 0.49056604504585266, 0.6037735939025879, 0.6415094137191772, 0.5849056839942932, 0.6037735939025879, 0.4528301954269409, 0.6037735939025879, 0.6037735939025879, 0.6037735939025879, 0.6037735939025879, 0.43396225571632385, 0.6037735939025879, 0.5094339847564697]

