Modelo: ResNet34
Tempo de execução: 59.160900592803955
Loss: [0.9434418678283691, 0.8078857064247131, 0.7169964909553528, 0.7756181359291077, 0.7937139868736267, 0.6781286001205444, 0.6608465313911438, 0.8064315915107727, 0.6942277550697327, 0.6492598652839661, 0.6047835946083069, 0.5987545251846313, 0.6116441488265991, 0.7161164879798889, 0.735961377620697, 0.67571622133255, 0.6328619718551636, 0.6531171798706055, 0.6310300827026367, 0.6205286383628845, 0.5721270442008972, 0.5790551900863647, 0.5531390309333801]
Val_loss: [630.5589599609375, 0.986446738243103, 1.0709335803985596, 171.244140625, 34.00624465942383, 33.839698791503906, 13.465024948120117, 10.422249794006348, 7.193448543548584, 4.143786907196045, 0.7122958898544312, 14.019104957580566, 0.7011767625808716, 107.86812591552734, 1.0046149492263794, 18.03754234313965, 76.77399444580078, 514.191162109375, 4.166264057159424, 6.21228551864624, 8.545215606689453, 12.61927318572998, 8.483675003051758]
Accuracy: [0.5370370149612427, 0.5555555820465088, 0.5864197611808777, 0.6111111044883728, 0.5925925970077515, 0.654321014881134, 0.6111111044883728, 0.5987654328346252, 0.6790123581886292, 0.6728395223617554, 0.7222222089767456, 0.7283950448036194, 0.6728395223617554, 0.6851851940155029, 0.5987654328346252, 0.654321014881134, 0.6851851940155029, 0.6419752836227417, 0.6913580298423767, 0.6975308656692505, 0.709876537322998, 0.7592592835426331, 0.7839506268501282]
Val_accuracy: [0.35185185074806213, 0.6481481194496155, 0.6481481194496155, 0.5, 0.37037035822868347, 0.40740740299224854, 0.46296295523643494, 0.5185185074806213, 0.5740740895271301, 0.6111111044883728, 0.7592592835426331, 0.4444444477558136, 0.7222222089767456, 0.3333333432674408, 0.6666666865348816, 0.37037035822868347, 0.35185185074806213, 0.35185185074806213, 0.7037037014961243, 0.5555555820465088, 0.6481481194496155, 0.48148149251937866, 0.48148149251937866]

