Modelo: ResNet34
Tempo de execução: 36.58435010910034
Loss: [1.04115629196167, 0.842740535736084, 0.768791139125824, 0.7442591786384583, 0.8453772068023682, 0.6291102766990662, 0.7132633924484253, 0.6734423041343689, 0.6877384781837463, 0.7510232925415039, 0.6910609006881714, 0.6836519837379456, 0.6409831047058105]
Val_loss: [0.73286372423172, 33.749908447265625, 0.6596825122833252, 21.794166564941406, 8.52469539642334, 0.9413779973983765, 4.100334167480469, 4.873546123504639, 92.11648559570312, 1.4280816316604614, 5.120829105377197, 1.0350421667099, 10.730085372924805]
Accuracy: [0.5987654328346252, 0.5987654328346252, 0.604938268661499, 0.6172839403152466, 0.5617284178733826, 0.6728395223617554, 0.6172839403152466, 0.6296296119689941, 0.6419752836227417, 0.6111111044883728, 0.6419752836227417, 0.6604938507080078, 0.6913580298423767]
Val_accuracy: [0.6481481194496155, 0.35185185074806213, 0.6481481194496155, 0.35185185074806213, 0.6481481194496155, 0.7407407164573669, 0.6481481194496155, 0.6481481194496155, 0.6481481194496155, 0.6481481194496155, 0.35185185074806213, 0.5370370149612427, 0.6481481194496155]

