Modelo: ResNet34
Tempo de execução: 42.93852996826172
Loss: [1.0051007270812988, 0.8464643955230713, 0.7397549748420715, 0.825348436832428, 0.6889755129814148, 0.7631473541259766, 0.8039945363998413, 0.7547314763069153, 0.7088378071784973, 0.6907640099525452, 0.7922757863998413, 0.7371273040771484, 0.6768679618835449, 0.6841211915016174, 0.7089468240737915]
Val_loss: [0.822589635848999, 0.7689170241355896, 0.8235699534416199, 0.7423663139343262, 0.5536909103393555, 2.751749038696289, 0.6513465046882629, 152.7405548095703, 2.8258471488952637, 31.730928421020508, 2.455212354660034, 6.520967960357666, 19.902976989746094, 5.894459247589111, 1.6025476455688477]
Accuracy: [0.604938268661499, 0.5493826866149902, 0.5987654328346252, 0.6172839403152466, 0.6666666865348816, 0.604938268661499, 0.5864197611808777, 0.6358024477958679, 0.6358024477958679, 0.6234567761421204, 0.5987654328346252, 0.5987654328346252, 0.604938268661499, 0.654321014881134, 0.5987654328346252]
Val_accuracy: [0.35185185074806213, 0.6481481194496155, 0.35185185074806213, 0.6481481194496155, 0.7962962985038757, 0.5, 0.6481481194496155, 0.6481481194496155, 0.6481481194496155, 0.6481481194496155, 0.6481481194496155, 0.6481481194496155, 0.6481481194496155, 0.6481481194496155, 0.6481481194496155]

