Modelo: ResNet34
Tempo de execução: 32.33206534385681
Loss: [1.0455551147460938, 0.8366320729255676, 0.8211221694946289, 0.8044144511222839, 0.7250247001647949, 0.6991811394691467, 0.7011051774024963, 0.6912769675254822, 0.6398401856422424, 0.7040771245956421, 0.7264429926872253]
Val_loss: [0.7262116074562073, 1682.8116455078125, 476.7242736816406, 0.7773738503456116, 295.5529479980469, 13.90435791015625, 33.04960632324219, 1.281325340270996, 6.861151695251465, 1.102654218673706, 18.244661331176758]
Accuracy: [0.5925925970077515, 0.6296296119689941, 0.5493826866149902, 0.5802469253540039, 0.6419752836227417, 0.604938268661499, 0.6419752836227417, 0.6481481194496155, 0.6419752836227417, 0.6913580298423767, 0.6111111044883728]
Val_accuracy: [0.6481481194496155, 0.35185185074806213, 0.35185185074806213, 0.7962962985038757, 0.35185185074806213, 0.5, 0.46296295523643494, 0.6666666865348816, 0.6111111044883728, 0.8148148059844971, 0.46296295523643494]

