Modelo: ResNet34
Tempo de execução: 32.126120805740356
Loss: [0.9246097207069397, 0.7433773875236511, 0.6570165753364563, 0.727200984954834, 0.7008982300758362, 0.7744048833847046, 0.7535983324050903, 0.8147997260093689, 0.6533775329589844, 0.6678600907325745, 0.6243032813072205]
Val_loss: [1.0828206539154053, 1.4961708784103394, 1.195910930633545, 6.685609817504883, 18.28762435913086, 2.008297920227051, 184.80682373046875, 2.1642446517944336, 28.470394134521484, 22.803043365478516, 1.6559250354766846]
Accuracy: [0.5679012537002563, 0.6296296119689941, 0.6728395223617554, 0.6234567761421204, 0.6234567761421204, 0.6172839403152466, 0.6728395223617554, 0.604938268661499, 0.7037037014961243, 0.6666666865348816, 0.6975308656692505]
Val_accuracy: [0.6481481194496155, 0.6481481194496155, 0.6481481194496155, 0.5185185074806213, 0.5, 0.7407407164573669, 0.6481481194496155, 0.7222222089767456, 0.6481481194496155, 0.6666666865348816, 0.5925925970077515]

