Modelo: ResNet34
Tempo de execução: 38.51875352859497
Loss: [1.0720773935317993, 0.8830285668373108, 0.7722640037536621, 0.8575620055198669, 0.8190606236457825, 0.7603708505630493, 0.7255735397338867, 0.6905713677406311, 0.6829121708869934, 0.7483829259872437, 0.737626314163208, 0.7289658784866333, 0.6222134232521057]
Val_loss: [0.9878087639808655, 0.9536184668540955, 0.8066269755363464, 10.696582794189453, 3.3048226833343506, 39.28911209106445, 4.033749103546143, 3.5979254245758057, 8.41577434539795, 0.8240248560905457, 3.459315538406372, 2.2418222427368164, 1.6729000806808472]
Accuracy: [0.5925925970077515, 0.5246913433074951, 0.604938268661499, 0.5740740895271301, 0.5925925970077515, 0.5987654328346252, 0.6296296119689941, 0.6234567761421204, 0.6358024477958679, 0.5864197611808777, 0.5864197611808777, 0.5679012537002563, 0.6728395223617554]
Val_accuracy: [0.6481481194496155, 0.46296295523643494, 0.6481481194496155, 0.35185185074806213, 0.6481481194496155, 0.6481481194496155, 0.42592594027519226, 0.6481481194496155, 0.6481481194496155, 0.6481481194496155, 0.6296296119689941, 0.5370370149612427, 0.6296296119689941]

