Modelo: ResNet34
Tempo de execução: 36.222607374191284
Loss: [1.0538156032562256, 0.806567907333374, 0.8700448274612427, 0.618626058101654, 0.7576713562011719, 0.6342329978942871, 0.6147507429122925, 0.6693085432052612, 0.618229866027832, 0.5982471704483032, 0.626928985118866, 0.6017725467681885, 0.5700744986534119]
Val_loss: [0.7491500377655029, 0.8368710279464722, 0.6525974273681641, 2.2391090393066406, 6.084041118621826, 15.956572532653809, 22.618751525878906, 27.726394653320312, 652.783447265625, 15.342981338500977, 46.05070877075195, 2.0238149166107178, 1257.5704345703125]
Accuracy: [0.5925925970077515, 0.5925925970077515, 0.6296296119689941, 0.6666666865348816, 0.6604938507080078, 0.7037037014961243, 0.7345678806304932, 0.7160493731498718, 0.7037037014961243, 0.7222222089767456, 0.709876537322998, 0.7345678806304932, 0.7037037014961243]
Val_accuracy: [0.35185185074806213, 0.35185185074806213, 0.6481481194496155, 0.35185185074806213, 0.4444444477558136, 0.6111111044883728, 0.6296296119689941, 0.6296296119689941, 0.6481481194496155, 0.6296296119689941, 0.5555555820465088, 0.48148149251937866, 0.6481481194496155]

