Modelo: ResNet34
Tempo de execução: 31.720153093338013
Loss: [0.9871470332145691, 0.9008446931838989, 0.6415555477142334, 0.7952965497970581, 0.749282956123352, 0.785152018070221, 0.8036082983016968, 0.6931052207946777, 0.7215173840522766, 0.6723776459693909, 0.6967482566833496]
Val_loss: [0.6502742767333984, 0.738720178604126, 2.912897825241089, 1.0547380447387695, 0.8371253609657288, 20.28022575378418, 0.7954513430595398, 2.9032578468322754, 0.8926026821136475, 0.6857251524925232, 9.396197319030762]
Accuracy: [0.5740740895271301, 0.5925925970077515, 0.6728395223617554, 0.5617284178733826, 0.5802469253540039, 0.5493826866149902, 0.5679012537002563, 0.6358024477958679, 0.6234567761421204, 0.6481481194496155, 0.604938268661499]
Val_accuracy: [0.6481481194496155, 0.42592594027519226, 0.6481481194496155, 0.35185185074806213, 0.37037035822868347, 0.6481481194496155, 0.6481481194496155, 0.35185185074806213, 0.35185185074806213, 0.5555555820465088, 0.3888888955116272]

