Modelo: ResNet34
Tempo de execução: 39.9654324054718
Loss: [1.0746381282806396, 0.7776718139648438, 0.7750846743583679, 0.787946343421936, 0.7568626403808594, 0.8217489123344421, 0.6551292538642883, 0.6601987481117249, 0.6480964422225952, 0.642332911491394, 0.6267974972724915, 0.6081874966621399, 0.5687538385391235, 0.5944626927375793]
Val_loss: [0.6782386302947998, 0.8788037300109863, 0.78208988904953, 0.5671343803405762, 16.54949188232422, 3.3897745609283447, 13.353682518005371, 5.276529312133789, 15.278478622436523, 9.125472068786621, 6.838738918304443, 1.8877183198928833, 2.1740105152130127, 1.9354219436645508]
Accuracy: [0.604938268661499, 0.6172839403152466, 0.604938268661499, 0.6358024477958679, 0.5740740895271301, 0.5617284178733826, 0.6666666865348816, 0.654321014881134, 0.6604938507080078, 0.6604938507080078, 0.6913580298423767, 0.6851851940155029, 0.654321014881134, 0.7160493731498718]
Val_accuracy: [0.6481481194496155, 0.6481481194496155, 0.6481481194496155, 0.7222222089767456, 0.6481481194496155, 0.6481481194496155, 0.6481481194496155, 0.6481481194496155, 0.6481481194496155, 0.6481481194496155, 0.6666666865348816, 0.5555555820465088, 0.6296296119689941, 0.5740740895271301]

