Modelo: ResNet34
Tempo de execução: 35.3874089717865
Loss: [1.0580424070358276, 0.7260808348655701, 0.778801679611206, 0.6750048398971558, 0.771291196346283, 0.6339401602745056, 0.6535930633544922, 0.6646673083305359, 0.6303200125694275, 0.5601071715354919, 0.5569324493408203, 0.5297024846076965]
Val_loss: [0.974707305431366, 0.6489176154136658, 0.65505051612854, 1.103305697441101, 5.740543842315674, 10.236170768737793, 7.264749050140381, 3.6852757930755615, 17.257448196411133, 3.8211538791656494, 4.632781028747559, 8.420998573303223]
Accuracy: [0.5864197611808777, 0.6358024477958679, 0.6481481194496155, 0.6296296119689941, 0.5987654328346252, 0.6481481194496155, 0.6975308656692505, 0.6111111044883728, 0.6975308656692505, 0.7160493731498718, 0.7469135522842407, 0.7777777910232544]
Val_accuracy: [0.6481481194496155, 0.6481481194496155, 0.6481481194496155, 0.4444444477558136, 0.6481481194496155, 0.6666666865348816, 0.6666666865348816, 0.8518518805503845, 0.6481481194496155, 0.48148149251937866, 0.6296296119689941, 0.5925925970077515]

