Modelo: ResNet152_trained
Tempo de execução: 177.30137586593628
Loss: [32.26559066772461, 0.7404435276985168, 0.6707667112350464, 0.6500955820083618, 0.6795855760574341, 0.6395388245582581, 0.6286110877990723, 0.6251636743545532, 0.6260008215904236, 0.6264523267745972, 0.6288431286811829]
Val_loss: [0.6618201732635498, 0.7743090391159058, 0.6677695512771606, 0.6626325249671936, 0.6708099842071533, 0.6617786288261414, 0.668251097202301, 0.6664716005325317, 0.6685696244239807, 0.6702510714530945, 0.6662798523902893]
Accuracy: [0.6172839403152466, 0.6604938507080078, 0.6666666865348816, 0.6728395223617554, 0.654321014881134, 0.6728395223617554, 0.6851851940155029, 0.6851851940155029, 0.6851851940155029, 0.6851851940155029, 0.6851851940155029]
Val_accuracy: [0.6296296119689941, 0.6296296119689941, 0.6296296119689941, 0.6296296119689941, 0.6296296119689941, 0.6296296119689941, 0.6296296119689941, 0.6296296119689941, 0.6296296119689941, 0.6296296119689941, 0.6296296119689941]

