Modelo: ResNet152_trained
Tempo de execução: 222.77128887176514
Loss: [56.79330062866211, 0.9298996329307556, 0.665361762046814, 0.669857919216156, 0.6906766891479492, 0.6505106091499329, 0.6049080491065979, 0.6330868005752563, 0.604339599609375, 0.571696400642395, 0.7746546268463135, 0.678631603717804, 0.6258191466331482, 0.5804672837257385, 0.7372455596923828]
Val_loss: [0.6652544736862183, 0.6618757843971252, 0.6670523881912231, 0.6828836798667908, 0.6585327982902527, 0.7074176073074341, 0.7001440525054932, 0.6944931149482727, 0.6958374977111816, 0.7135323882102966, 0.7107609510421753, 0.6773343086242676, 0.6787882447242737, 1.220653772354126, 0.6910169124603271]
Accuracy: [0.5925925970077515, 0.5925925970077515, 0.6728395223617554, 0.6913580298423767, 0.6851851940155029, 0.6728395223617554, 0.7037037014961243, 0.7222222089767456, 0.709876537322998, 0.6851851940155029, 0.6913580298423767, 0.6913580298423767, 0.7037037014961243, 0.7037037014961243, 0.6790123581886292]
Val_accuracy: [0.6296296119689941, 0.6296296119689941, 0.6296296119689941, 0.6296296119689941, 0.6296296119689941, 0.37037035822868347, 0.37037035822868347, 0.4444444477558136, 0.3888888955116272, 0.5740740895271301, 0.37037035822868347, 0.6296296119689941, 0.6296296119689941, 0.6296296119689941, 0.6296296119689941]

