Modelo: ResNet152_trained
Tempo de execução: 298.0783998966217
Loss: [74.18596649169922, 0.6779120564460754, 0.6143324971199036, 0.6511036157608032, 0.6355853080749512, 0.639105498790741, 0.6211162805557251, 0.5864977836608887, 0.6445841193199158, 0.6492473483085632, 0.6374061107635498, 0.5587841272354126, 0.5865995287895203, 0.5300265550613403, 0.8514147996902466, 0.6140285730361938, 0.669464647769928, 0.5122947692871094, 0.5264190435409546, 0.545928418636322, 0.6092510223388672, 0.5281258821487427]
Val_loss: [0.6641929745674133, 0.6912561058998108, 0.6622200012207031, 0.6657161712646484, 0.6834865808486938, 0.6615882515907288, 0.6902019381523132, 0.7005898356437683, 0.7001760005950928, 0.6799730658531189, 0.7398714423179626, 0.6350632309913635, 0.6892106533050537, 0.8594868779182434, 0.8351933360099792, 1.5896388292312622, 0.7689232230186462, 1.2437347173690796, 0.9128913879394531, 2.201713800430298, 0.7252198457717896, 0.7509234547615051]
Accuracy: [0.654321014881134, 0.6728395223617554, 0.6790123581886292, 0.6913580298423767, 0.7037037014961243, 0.7469135522842407, 0.7037037014961243, 0.7037037014961243, 0.6975308656692505, 0.7407407164573669, 0.7283950448036194, 0.7407407164573669, 0.6851851940155029, 0.7345678806304932, 0.7283950448036194, 0.7469135522842407, 0.6975308656692505, 0.7407407164573669, 0.7777777910232544, 0.7592592835426331, 0.7160493731498718, 0.7839506268501282]
Val_accuracy: [0.6296296119689941, 0.6296296119689941, 0.6296296119689941, 0.6296296119689941, 0.6296296119689941, 0.6296296119689941, 0.6296296119689941, 0.35185185074806213, 0.5, 0.6296296119689941, 0.6296296119689941, 0.6296296119689941, 0.6296296119689941, 0.6296296119689941, 0.6296296119689941, 0.6296296119689941, 0.6296296119689941, 0.6296296119689941, 0.6481481194496155, 0.6296296119689941, 0.6111111044883728, 0.6296296119689941]

