Modelo: ResNet152_trained
Tempo de execução: 198.99972915649414
Loss: [19.840036392211914, 0.701321005821228, 0.7001782655715942, 0.6515177488327026, 0.6526240110397339, 0.6264973282814026, 0.6740624308586121, 0.7969651222229004, 0.6190326809883118, 0.6039198637008667, 0.6024713516235352, 0.711808443069458, 0.6348063349723816]
Val_loss: [0.6941398978233337, 0.6648688912391663, 0.662067174911499, 0.6731426119804382, 0.6636673808097839, 0.6767867207527161, 0.6896130442619324, 0.6895652413368225, 0.6885627508163452, 0.682525098323822, 0.7805667519569397, 1.1899583339691162, 0.6747376322746277]
Accuracy: [0.6358024477958679, 0.6728395223617554, 0.6419752836227417, 0.6913580298423767, 0.6851851940155029, 0.6728395223617554, 0.6666666865348816, 0.6728395223617554, 0.6790123581886292, 0.709876537322998, 0.7345678806304932, 0.7407407164573669, 0.7222222089767456]
Val_accuracy: [0.37037035822868347, 0.6296296119689941, 0.6296296119689941, 0.6296296119689941, 0.6296296119689941, 0.6296296119689941, 0.6296296119689941, 0.6296296119689941, 0.6481481194496155, 0.7037037014961243, 0.6296296119689941, 0.6296296119689941, 0.6111111044883728]

