Modelo: ResNet152_trained
Tempo de execução: 176.6369035243988
Loss: [7.801766872406006, 1.0836982727050781, 0.6459032297134399, 0.7603492736816406, 0.671504557132721, 0.627119779586792, 0.808484673500061, 0.9396894574165344, 0.7600500583648682, 0.6639218926429749, 0.6805410385131836]
Val_loss: [0.6593493819236755, 0.6751152276992798, 6.540274143218994, 0.702718198299408, 0.660426676273346, 0.6849826574325562, 0.685707151889801, 0.6835795044898987, 0.6793586611747742, 0.6691818833351135, 0.661672055721283]
Accuracy: [0.5987654328346252, 0.604938268661499, 0.6111111044883728, 0.6296296119689941, 0.6851851940155029, 0.6790123581886292, 0.6111111044883728, 0.6358024477958679, 0.6419752836227417, 0.6790123581886292, 0.6790123581886292]
Val_accuracy: [0.6296296119689941, 0.6296296119689941, 0.6296296119689941, 0.37037035822868347, 0.6296296119689941, 0.6296296119689941, 0.6296296119689941, 0.6296296119689941, 0.6296296119689941, 0.6296296119689941, 0.6296296119689941]

