Modelo: ResNet152_trained
Tempo de execução: 202.72103095054626
Loss: [14.997968673706055, 0.9042056202888489, 0.6261370778083801, 0.6536767482757568, 0.6180297136306763, 0.6683974266052246, 0.6120484471321106, 0.7686105966567993, 0.6531277298927307, 0.5989091992378235, 1.07825767993927, 0.6411759853363037, 0.7129676938056946]
Val_loss: [0.6723049283027649, 0.6628707647323608, 0.6618177890777588, 0.6803136467933655, 0.6847850680351257, 0.6833011507987976, 0.6900659203529358, 0.6880123019218445, 0.6818442344665527, 0.6876791715621948, 0.6812877655029297, 1.0564610958099365, 2.6215357780456543]
Accuracy: [0.6358024477958679, 0.6790123581886292, 0.6851851940155029, 0.6851851940155029, 0.6790123581886292, 0.6728395223617554, 0.6790123581886292, 0.6728395223617554, 0.654321014881134, 0.6790123581886292, 0.654321014881134, 0.6851851940155029, 0.6851851940155029]
Val_accuracy: [0.6296296119689941, 0.6296296119689941, 0.6296296119689941, 0.6296296119689941, 0.6296296119689941, 0.6296296119689941, 0.6296296119689941, 0.6296296119689941, 0.6296296119689941, 0.6296296119689941, 0.6296296119689941, 0.6296296119689941, 0.6296296119689941]

