Modelo: ResNet152_trained
Tempo de execução: 322.1218190193176
Loss: [16.823902130126953, 1.0156633853912354, 0.7007016539573669, 0.9554974436759949, 0.6536262631416321, 0.616089403629303, 0.6464366912841797, 0.6772826910018921, 0.7008337378501892, 0.6534934043884277, 0.6453039050102234, 0.6266957521438599, 0.6469120979309082, 0.6505305171012878, 0.6248432397842407, 0.6107562184333801, 0.6308233737945557, 0.6321755051612854, 0.6883977055549622, 0.6423659324645996, 0.6318395137786865, 0.6271450519561768, 0.6269845366477966, 0.6256624460220337]
Val_loss: [0.7653994560241699, 0.742808997631073, 0.671684980392456, 0.7913421392440796, 0.6593773365020752, 0.6838375329971313, 0.6671435236930847, 0.6835471987724304, 0.67770916223526, 0.7140295505523682, 0.6914705634117126, 0.6744211912155151, 0.6550393104553223, 0.6269907355308533, 0.6672467589378357, 0.8066619634628296, 0.6770159602165222, 0.6594716310501099, 0.6383731365203857, 0.6557646989822388, 0.6630303263664246, 0.66104656457901, 0.6619023084640503, 0.6647723317146301]
Accuracy: [0.5864197611808777, 0.5987654328346252, 0.6728395223617554, 0.7345678806304932, 0.6790123581886292, 0.6851851940155029, 0.6790123581886292, 0.6790123581886292, 0.6419752836227417, 0.6851851940155029, 0.6790123581886292, 0.6790123581886292, 0.6913580298423767, 0.6851851940155029, 0.6851851940155029, 0.6851851940155029, 0.6913580298423767, 0.6851851940155029, 0.654321014881134, 0.6851851940155029, 0.6851851940155029, 0.6851851940155029, 0.6851851940155029, 0.6851851940155029]
Val_accuracy: [0.37037035822868347, 0.37037035822868347, 0.6296296119689941, 0.37037035822868347, 0.6296296119689941, 0.6296296119689941, 0.6296296119689941, 0.6296296119689941, 0.6296296119689941, 0.6296296119689941, 0.6296296119689941, 0.6296296119689941, 0.6296296119689941, 0.6296296119689941, 0.6296296119689941, 0.6296296119689941, 0.6296296119689941, 0.6296296119689941, 0.6851851940155029, 0.6296296119689941, 0.6296296119689941, 0.6296296119689941, 0.6296296119689941, 0.6296296119689941]

