Modelo: ResNet152_trained
Tempo de execução: 270.0452437400818
Loss: [50.700260162353516, 0.7963605523109436, 0.7473060488700867, 0.6275144219398499, 0.6261152029037476, 0.8198443651199341, 0.6978633999824524, 0.643879771232605, 0.7462702989578247, 0.7193775773048401, 0.6266893148422241, 0.9538838863372803, 0.6583520770072937, 0.6042576432228088, 0.602044403553009, 0.5949991941452026, 0.610855758190155, 0.6011226773262024, 0.6373875737190247, 0.7325606346130371]
Val_loss: [0.6780998706817627, 0.7022598385810852, 0.6612171530723572, 0.6640247702598572, 0.7620799541473389, 0.6891148090362549, 0.6874074339866638, 0.684633731842041, 0.7147698402404785, 0.6461524367332458, 6.653379440307617, 1.1139782667160034, 0.6742850542068481, 0.6614439487457275, 0.6997673511505127, 0.6535496711730957, 0.7086323499679565, 0.6632362604141235, 0.6702651977539062, 0.6508627533912659]
Accuracy: [0.6419752836227417, 0.6481481194496155, 0.654321014881134, 0.709876537322998, 0.709876537322998, 0.6604938507080078, 0.6358024477958679, 0.6790123581886292, 0.6851851940155029, 0.6728395223617554, 0.6604938507080078, 0.6419752836227417, 0.6666666865348816, 0.6851851940155029, 0.6851851940155029, 0.6728395223617554, 0.6851851940155029, 0.6790123581886292, 0.6913580298423767, 0.654321014881134]
Val_accuracy: [0.6296296119689941, 0.37037035822868347, 0.6296296119689941, 0.6296296119689941, 0.37037035822868347, 0.6296296119689941, 0.6296296119689941, 0.6296296119689941, 0.40740740299224854, 0.6296296119689941, 0.6296296119689941, 0.6296296119689941, 0.6296296119689941, 0.6296296119689941, 0.6296296119689941, 0.7037037014961243, 0.6296296119689941, 0.6296296119689941, 0.6296296119689941, 0.6296296119689941]

