Modelo: ResNet152_trained
Tempo de execução: 190.26913595199585
Loss: [14.285219192504883, 0.7045167088508606, 0.6769275665283203, 0.7498908042907715, 0.669967532157898, 0.687272846698761, 0.6509662866592407, 0.6096359491348267, 0.6376141905784607, 0.6589586734771729, 0.5837783813476562, 0.6363610625267029]
Val_loss: [0.6681511998176575, 0.6593884825706482, 0.6905170679092407, 0.6612200140953064, 0.6601684093475342, 0.6833553314208984, 0.678926408290863, 0.7148135304450989, 0.6917641758918762, 0.705238401889801, 0.7063515782356262, 0.6755329370498657]
Accuracy: [0.6111111044883728, 0.654321014881134, 0.6975308656692505, 0.6913580298423767, 0.6728395223617554, 0.6666666865348816, 0.6728395223617554, 0.7160493731498718, 0.6666666865348816, 0.7160493731498718, 0.6975308656692505, 0.6851851940155029]
Val_accuracy: [0.6296296119689941, 0.6296296119689941, 0.6296296119689941, 0.6296296119689941, 0.6296296119689941, 0.6296296119689941, 0.6296296119689941, 0.37037035822868347, 0.6296296119689941, 0.25925925374031067, 0.6296296119689941, 0.6296296119689941]

