Modelo: ResNet152_trained
Tempo de execução: 219.62933039665222
Loss: [15.373675346374512, 0.7625227570533752, 0.7630263566970825, 0.7145169377326965, 0.6866267323493958, 0.6866685152053833, 0.6356020569801331, 0.6328575015068054, 0.6258305311203003, 0.6448051333427429, 0.6474877595901489, 0.6121562719345093, 0.6515840291976929, 0.6537601947784424, 0.6079712510108948]
Val_loss: [0.6717079877853394, 0.6737073063850403, 0.6931028962135315, 0.6803476810455322, 0.6621155738830566, 0.6698980927467346, 0.6671345829963684, 0.6711292266845703, 0.6705594658851624, 0.6718939542770386, 0.7681277394294739, 0.6632921695709229, 2.341096878051758, 0.6974977850914001, 0.6897002458572388]
Accuracy: [0.6296296119689941, 0.6481481194496155, 0.654321014881134, 0.6481481194496155, 0.6913580298423767, 0.6851851940155029, 0.6790123581886292, 0.6790123581886292, 0.6790123581886292, 0.6851851940155029, 0.6790123581886292, 0.6790123581886292, 0.6975308656692505, 0.6666666865348816, 0.6913580298423767]
Val_accuracy: [0.6296296119689941, 0.6296296119689941, 0.6296296119689941, 0.6296296119689941, 0.6296296119689941, 0.6296296119689941, 0.6296296119689941, 0.6296296119689941, 0.6296296119689941, 0.6296296119689941, 0.6296296119689941, 0.6296296119689941, 0.6296296119689941, 0.6296296119689941, 0.6296296119689941]

