Modelo: ResNet34
Tempo de execução: 42.75587463378906
Loss: [0.6904410123825073, 0.3459915220737457, 0.30797049403190613, 0.17741942405700684, 0.163136288523674, 0.18106426298618317, 0.1918945014476776, 0.1149534061551094, 0.09739641845226288, 0.06838702410459518, 0.010757654905319214, 0.004223344847559929, 0.0021744612604379654, 0.0014933703932911158, 0.001172399497590959]
Val_loss: [1.6211789846420288, 1.6953777074813843, 2.101361036300659, 2.6778273582458496, 0.8892188668251038, 1.1719956398010254, 8.915081024169922, 1.5707695484161377, 1.7009657621383667, 15.892388343811035, 1.2443076372146606, 1.3162915706634521, 1.2991966009140015, 1.2511509656906128, 1.2313933372497559]
Accuracy: [0.7307692170143127, 0.8525640964508057, 0.8589743375778198, 0.9102563858032227, 0.9294871687889099, 0.942307710647583, 0.9102563858032227, 0.9551281929016113, 0.9615384340286255, 0.9807692170143127, 1.0, 1.0, 1.0, 1.0, 1.0]
Val_accuracy: [0.6428571343421936, 0.27142858505249023, 0.5571428537368774, 0.6857143044471741, 0.7285714149475098, 0.8142856955528259, 0.4285714328289032, 0.7142857313156128, 0.6714285612106323, 0.4000000059604645, 0.7571428418159485, 0.7714285850524902, 0.7285714149475098, 0.7285714149475098, 0.6857143044471741]

