Modelo: ResNet34
Tempo de execução: 37.0313024520874
Loss: [0.6718988418579102, 0.34336069226264954, 0.2799583971500397, 0.3063614070415497, 0.1795562207698822, 0.19135117530822754, 0.10827085375785828, 0.16938874125480652, 0.186893492937088, 0.06924715638160706, 0.017563525587320328, 0.008686714805662632, 0.0037371909711509943]
Val_loss: [1.399018406867981, 1.4760645627975464, 0.6366225481033325, 4.8348212242126465, 31.650928497314453, 5.441436767578125, 38.71787643432617, 3.8625855445861816, 1.7937157154083252, 3.6786646842956543, 1.0402867794036865, 0.7452240586280823, 0.6377052664756775]
Accuracy: [0.6474359035491943, 0.8653846383094788, 0.9038461446762085, 0.8910256624221802, 0.9294871687889099, 0.9358974099159241, 0.9551281929016113, 0.9294871687889099, 0.9358974099159241, 0.9935897588729858, 1.0, 1.0, 1.0]
Val_accuracy: [0.3571428656578064, 0.6428571343421936, 0.7142857313156128, 0.4285714328289032, 0.3571428656578064, 0.4714285731315613, 0.34285715222358704, 0.6428571343421936, 0.7285714149475098, 0.6714285612106323, 0.7571428418159485, 0.8142856955528259, 0.8428571224212646]

