Modelo: ResNet34
Tempo de execução: 55.60686731338501
Loss: [0.6742821335792542, 0.415801078081131, 0.28903985023498535, 0.23074719309806824, 0.2021094560623169, 0.2695533037185669, 0.16736529767513275, 0.11295389384031296, 0.12096292525529861, 0.13827858865261078, 0.0624910444021225, 0.015026804991066456, 0.004523272160440683, 0.002592899603769183, 0.0019107573898509145, 0.0015010697534307837, 0.0011836802586913109, 0.000978298718109727, 0.0008239743183366954, 0.0006804319564253092, 0.0005791845615021884, 0.0004955356125719845]
Val_loss: [1.4119435548782349, 0.7441639304161072, 0.8333050608634949, 0.9972829818725586, 27.152393341064453, 3.772414207458496, 0.7962528467178345, 7.401463985443115, 5.760246276855469, 0.7035344243049622, 0.9430533051490784, 0.5618603825569153, 0.5858849287033081, 0.6108737587928772, 0.6245521306991577, 0.6303779482841492, 0.6207128763198853, 0.6186092495918274, 0.6099196076393127, 0.6117878556251526, 0.6166438460350037, 0.6102896928787231]
Accuracy: [0.6217948794364929, 0.807692289352417, 0.8910256624221802, 0.9038461446762085, 0.8974359035491943, 0.9038461446762085, 0.9294871687889099, 0.9615384340286255, 0.9487179517745972, 0.9487179517745972, 0.9807692170143127, 1.0, 1.0, 1.0, 1.0, 1.0, 1.0, 1.0, 1.0, 1.0, 1.0, 1.0]
Val_accuracy: [0.6428571343421936, 0.3142857253551483, 0.6714285612106323, 0.699999988079071, 0.6428571343421936, 0.5714285969734192, 0.800000011920929, 0.4000000059604645, 0.3571428656578064, 0.8571428656578064, 0.7714285850524902, 0.8428571224212646, 0.8714285492897034, 0.8714285492897034, 0.8714285492897034, 0.8714285492897034, 0.8714285492897034, 0.8714285492897034, 0.8714285492897034, 0.8714285492897034, 0.8714285492897034, 0.8714285492897034]

