Modelo: ResNet34
Tempo de execução: 34.831411838531494
Loss: [0.6321183443069458, 0.3355167508125305, 0.2899802625179291, 0.1525740921497345, 0.1977262943983078, 0.34280237555503845, 0.24446900188922882, 0.259639710187912, 0.16238880157470703, 0.0611676424741745, 0.04868827760219574, 0.027067385613918304]
Val_loss: [2.9387474060058594, 0.5893779993057251, 0.7673659920692444, 0.7122005224227905, 0.6501646041870117, 3.6271657943725586, 1.4686535596847534, 11.466015815734863, 1.0034726858139038, 0.9250497221946716, 1.0256038904190063, 0.9593105912208557]
Accuracy: [0.7115384340286255, 0.8525640964508057, 0.8846153616905212, 0.9615384340286255, 0.9166666865348816, 0.8653846383094788, 0.8910256624221802, 0.8974359035491943, 0.9294871687889099, 0.9871794581413269, 0.9871794581413269, 0.9935897588729858]
Val_accuracy: [0.3571428656578064, 0.6571428775787354, 0.6714285612106323, 0.6000000238418579, 0.7857142686843872, 0.6000000238418579, 0.6714285612106323, 0.3571428656578064, 0.7428571581840515, 0.7428571581840515, 0.7714285850524902, 0.7428571581840515]

