Modelo: ResNet34
Tempo de execução: 63.84729027748108
Loss: [0.5616788268089294, 0.3017257750034332, 0.32191622257232666, 0.19174261391162872, 0.17988695204257965, 0.177830770611763, 0.23182792961597443, 0.10127823799848557, 0.12405165284872055, 0.10495919734239578, 0.10179806500673294, 0.056711819022893906, 0.048749007284641266, 0.0520084872841835, 0.017339380457997322, 0.009938607923686504, 0.003681070636957884, 0.001983454218134284, 0.0012449962086975574, 0.0009831719798967242, 0.0008555962122045457, 0.000723215052857995, 0.0006233949097804725, 0.0005349145503714681, 0.0004699362034443766, 0.000414626527344808]
Val_loss: [2.8410472869873047, 1.3697285652160645, 8.199995040893555, 1.9954718351364136, 1.6627694368362427, 3.4901676177978516, 28.046293258666992, 1.7415075302124023, 4.580118656158447, 4.311981678009033, 1.117282748222351, 1.1888134479522705, 48.51321029663086, 2.618640661239624, 1.7643755674362183, 0.9922911524772644, 1.1481815576553345, 1.3992040157318115, 1.4342364072799683, 1.4951108694076538, 1.4852443933486938, 1.5071632862091064, 1.5564149618148804, 1.4597573280334473, 1.516367793083191, 1.5144659280776978]
Accuracy: [0.6858974099159241, 0.8717948794364929, 0.8846153616905212, 0.9038461446762085, 0.9294871687889099, 0.9358974099159241, 0.9166666865348816, 0.9551281929016113, 0.9615384340286255, 0.942307710647583, 0.9679487347602844, 0.9743589758872986, 0.9807692170143127, 0.9871794581413269, 1.0, 1.0, 1.0, 1.0, 1.0, 1.0, 1.0, 1.0, 1.0, 1.0, 1.0, 1.0]
Val_accuracy: [0.6428571343421936, 0.4285714328289032, 0.37142857909202576, 0.6142857074737549, 0.6571428775787354, 0.6428571343421936, 0.3571428656578064, 0.6428571343421936, 0.6857143044471741, 0.4000000059604645, 0.7142857313156128, 0.699999988079071, 0.3571428656578064, 0.7571428418159485, 0.699999988079071, 0.7428571581840515, 0.7571428418159485, 0.7285714149475098, 0.7285714149475098, 0.7285714149475098, 0.7285714149475098, 0.7285714149475098, 0.7285714149475098, 0.7428571581840515, 0.7285714149475098, 0.7285714149475098]

