Modelo: ResNet34
Tempo de execução: 59.823169469833374
Loss: [0.5180842280387878, 0.4490012228488922, 0.24391284584999084, 0.18217243254184723, 0.15273815393447876, 0.14477623999118805, 0.11373890191316605, 0.1491336226463318, 0.07102087140083313, 0.17134295403957367, 0.11664526164531708, 0.09621766954660416, 0.0682026594877243, 0.05860132351517677, 0.01822770945727825, 0.011239258572459221, 0.0035362637136131525, 0.002338264137506485, 0.0019040999468415976, 0.0014947925228625536, 0.001229638117365539, 0.0010697833495214581]
Val_loss: [2.7445685863494873, 3.1956751346588135, 1.2724660634994507, 1.3015865087509155, 1.4552289247512817, 2.1788134574890137, 1.2255290746688843, 0.9160845279693604, 1.3575513362884521, 17.79799461364746, 3.838888168334961, 0.7523308992385864, 4.211692810058594, 1.2523596286773682, 1.430565357208252, 1.1731196641921997, 1.1603822708129883, 1.2288744449615479, 1.2014094591140747, 1.2363284826278687, 1.2986295223236084, 1.3048975467681885]
Accuracy: [0.7371794581413269, 0.8012820482254028, 0.9102563858032227, 0.9487179517745972, 0.9358974099159241, 0.9358974099159241, 0.9615384340286255, 0.9487179517745972, 0.9679487347602844, 0.9166666865348816, 0.9615384340286255, 0.9679487347602844, 0.9679487347602844, 0.9807692170143127, 1.0, 1.0, 1.0, 1.0, 1.0, 1.0, 1.0, 1.0]
Val_accuracy: [0.6428571343421936, 0.6428571343421936, 0.6285714507102966, 0.7285714149475098, 0.7571428418159485, 0.7285714149475098, 0.7714285850524902, 0.7714285850524902, 0.7285714149475098, 0.3571428656578064, 0.5714285969734192, 0.8428571224212646, 0.5142857432365417, 0.7571428418159485, 0.7857142686843872, 0.8142856955528259, 0.8142856955528259, 0.800000011920929, 0.800000011920929, 0.800000011920929, 0.800000011920929, 0.800000011920929]

