Modelo: ResNet34
Tempo de execução: 62.364742279052734
Loss: [0.5898571610450745, 0.4764140248298645, 0.3668358027935028, 0.3678686320781708, 0.32504144310951233, 0.16773350536823273, 0.1447836011648178, 0.20921280980110168, 0.09394078701734543, 0.19028571248054504, 0.0862114280462265, 0.0909067839384079, 0.044989313930273056, 0.016103357076644897, 0.005036406219005585, 0.002610502066090703, 0.0019280904671177268, 0.0015449275961145759, 0.0012379270046949387, 0.0009880407014861703, 0.0008342161891050637, 0.0006845310563221574, 0.0006051253876648843, 0.0005037365481257439]
Val_loss: [1.5031437873840332, 1.9734010696411133, 2.1766104698181152, 0.6364840865135193, 0.6856310367584229, 1.7597863674163818, 1.1928751468658447, 1.0421189069747925, 39.299556732177734, 2.970862627029419, 0.6507430076599121, 1.10170316696167, 0.5379571914672852, 0.4204430878162384, 0.4642297327518463, 0.4843471944332123, 0.4985649585723877, 0.5160667896270752, 0.5096108317375183, 0.5473892092704773, 0.5439757108688354, 0.5340868234634399, 0.5628448724746704, 0.5379638075828552]
Accuracy: [0.6858974099159241, 0.7884615659713745, 0.8717948794364929, 0.8589743375778198, 0.8525640964508057, 0.9166666865348816, 0.9551281929016113, 0.9102563858032227, 0.9679487347602844, 0.9230769276618958, 0.9743589758872986, 0.9679487347602844, 0.9935897588729858, 1.0, 1.0, 1.0, 1.0, 1.0, 1.0, 1.0, 1.0, 1.0, 1.0, 1.0]
Val_accuracy: [0.3571428656578064, 0.3571428656578064, 0.6428571343421936, 0.6571428775787354, 0.800000011920929, 0.6714285612106323, 0.7428571581840515, 0.6285714507102966, 0.3571428656578064, 0.5285714268684387, 0.800000011920929, 0.7571428418159485, 0.8571428656578064, 0.8999999761581421, 0.8999999761581421, 0.8999999761581421, 0.8999999761581421, 0.8999999761581421, 0.8999999761581421, 0.8999999761581421, 0.8999999761581421, 0.8999999761581421, 0.8999999761581421, 0.8999999761581421]

