Modelo: ResNet34
Tempo de execução: 38.86542224884033
Loss: [0.5332033038139343, 0.39075979590415955, 0.219895601272583, 0.209890216588974, 0.20346350967884064, 0.11545440554618835, 0.06141571328043938, 0.2048303335905075, 0.10803572088479996, 0.09038557857275009, 0.10338615626096725, 0.032851532101631165, 0.010503444820642471, 0.003836544696241617]
Val_loss: [0.8726157546043396, 3.7867000102996826, 1.2740436792373657, 0.8495156168937683, 0.8845141530036926, 1.2788063287734985, 68.23994445800781, 2.596954345703125, 1.1529724597930908, 1.8804645538330078, 1.7272930145263672, 1.2470675706863403, 1.0647048950195312, 1.068918228149414]
Accuracy: [0.7307692170143127, 0.8333333134651184, 0.9230769276618958, 0.9166666865348816, 0.9294871687889099, 0.9487179517745972, 0.9807692170143127, 0.9294871687889099, 0.9551281929016113, 0.9743589758872986, 0.9551281929016113, 0.9935897588729858, 1.0, 1.0]
Val_accuracy: [0.3571428656578064, 0.6428571343421936, 0.6428571343421936, 0.6714285612106323, 0.7714285850524902, 0.800000011920929, 0.3571428656578064, 0.7142857313156128, 0.7571428418159485, 0.6857143044471741, 0.7428571581840515, 0.7571428418159485, 0.8285714387893677, 0.8285714387893677]

