Modelo: ResNet34
Tempo de execução: 61.31674647331238
Loss: [0.6347538828849792, 0.4155575633049011, 0.34812086820602417, 0.19283172488212585, 0.2533368468284607, 0.18483884632587433, 0.11570508778095245, 0.20268020033836365, 0.20911023020744324, 0.08221878111362457, 0.05077487230300903, 0.1094801127910614, 0.0199727863073349, 0.005940706934779882, 0.002505076117813587, 0.0017044049454852939, 0.0013116607442498207, 0.0010495891328901052, 0.0008685349021106958, 0.0007278019329532981, 0.0006158252363093197, 0.0005268995882943273, 0.0004560418601613492]
Val_loss: [2.745889186859131, 3.0829148292541504, 1.1323471069335938, 3.3405706882476807, 0.8582337498664856, 1.0470716953277588, 7.272921562194824, 10.61512279510498, 2.8624637126922607, 0.5733199715614319, 0.6429391503334045, 0.6400427222251892, 0.5045305490493774, 0.5407532453536987, 0.5550420880317688, 0.589171290397644, 0.562763512134552, 0.5650913715362549, 0.5412788987159729, 0.5575242638587952, 0.5272323489189148, 0.5589354634284973, 0.5564756393432617]
Accuracy: [0.6858974099159241, 0.8461538553237915, 0.8525640964508057, 0.9038461446762085, 0.8910256624221802, 0.9294871687889099, 0.942307710647583, 0.9358974099159241, 0.9230769276618958, 0.9871794581413269, 0.9871794581413269, 0.942307710647583, 1.0, 1.0, 1.0, 1.0, 1.0, 1.0, 1.0, 1.0, 1.0, 1.0, 1.0]
Val_accuracy: [0.6428571343421936, 0.34285715222358704, 0.30000001192092896, 0.4285714328289032, 0.5, 0.37142857909202576, 0.6142857074737549, 0.3571428656578064, 0.30000001192092896, 0.7714285850524902, 0.7428571581840515, 0.7285714149475098, 0.7571428418159485, 0.7571428418159485, 0.7714285850524902, 0.7857142686843872, 0.7714285850524902, 0.7571428418159485, 0.7428571581840515, 0.7571428418159485, 0.7571428418159485, 0.7428571581840515, 0.7285714149475098]

