Modelo: ResNet34
Tempo de execução: 35.85148811340332
Loss: [0.8514391779899597, 0.49487632513046265, 0.42502671480178833, 0.2778838574886322, 0.2557215690612793, 0.34417474269866943, 0.33704158663749695, 0.20489118993282318, 0.1894707828760147, 0.18888679146766663, 0.19388987123966217, 0.15626446902751923]
Val_loss: [0.7413905262947083, 0.6960402727127075, 1.3855628967285156, 0.9696604013442993, 62.97477722167969, 31.095367431640625, 3.67596173286438, 9.786097526550293, 1.43194580078125, 1.302756667137146, 1.8737658262252808, 3.8351240158081055]
Accuracy: [0.5641025900840759, 0.7435897588729858, 0.8269230723381042, 0.9230769276618958, 0.9102563858032227, 0.8397436141967773, 0.8589743375778198, 0.942307710647583, 0.9358974099159241, 0.9294871687889099, 0.9166666865348816, 0.9551281929016113]
Val_accuracy: [0.6428571343421936, 0.6285714507102966, 0.6428571343421936, 0.6428571343421936, 0.3571428656578064, 0.37142857909202576, 0.5857142806053162, 0.37142857909202576, 0.5285714268684387, 0.6142857074737549, 0.6142857074737549, 0.5857142806053162]

