Modelo: VGG_16
Tempo de execução: 114.48514556884766
Loss: [3140.17333984375, 0.7404021620750427, 0.6565631628036499, 0.6336827874183655, 0.6302826404571533, 0.6417828798294067, 0.6305751800537109, 0.6364556550979614, 0.634712815284729, 0.6320006847381592, 0.6300718784332275, 0.6347284913063049, 0.6371604800224304, 0.6371350288391113, 0.6365440487861633, 0.6354061961174011, 0.6320250630378723, 0.6373101472854614, 0.6418505907058716, 0.6303077340126038]
Val_loss: [0.7436161637306213, 0.7171816229820251, 0.6732653975486755, 0.6667537093162537, 0.6895713806152344, 0.6607672572135925, 0.6846896409988403, 0.6781666278839111, 0.666161060333252, 0.6597352027893066, 0.6593916416168213, 0.6618227958679199, 0.663960337638855, 0.6592011451721191, 0.669766902923584, 0.6696042418479919, 0.6717884540557861, 0.7161428928375244, 0.6598973274230957, 0.6629837155342102]
Accuracy: [0.6111111044883728, 0.5987654328346252, 0.6728395223617554, 0.6851851940155029, 0.6851851940155029, 0.6851851940155029, 0.6851851940155029, 0.6851851940155029, 0.6851851940155029, 0.6851851940155029, 0.6851851940155029, 0.6851851940155029, 0.6851851940155029, 0.6851851940155029, 0.6851851940155029, 0.6851851940155029, 0.6851851940155029, 0.6851851940155029, 0.6851851940155029, 0.6851851940155029]
Val_accuracy: [0.6296296119689941, 0.6296296119689941, 0.6296296119689941, 0.6296296119689941, 0.6296296119689941, 0.6296296119689941, 0.6296296119689941, 0.6296296119689941, 0.6296296119689941, 0.6296296119689941, 0.6296296119689941, 0.6296296119689941, 0.6296296119689941, 0.6296296119689941, 0.6296296119689941, 0.6296296119689941, 0.6296296119689941, 0.6296296119689941, 0.6296296119689941, 0.6296296119689941]

