Modelo: VGG_16
Tempo de execução: 47.29885268211365
Loss: [20493452.0, 0.6442737579345703, 0.6388188004493713, 0.6303043961524963, 0.630211353302002, 0.6366602182388306, 0.6371207237243652, 0.6302975416183472, 0.6310205459594727, 0.6314891576766968, 0.6312178373336792]
Val_loss: [0.6613628268241882, 0.6923374533653259, 0.6858764290809631, 0.687848687171936, 0.6813504099845886, 0.663276195526123, 0.6621771454811096, 0.6628014445304871, 0.6896216869354248, 0.6620311737060547, 0.6694138646125793]
Accuracy: [0.5123456716537476, 0.6851851940155029, 0.6851851940155029, 0.6851851940155029, 0.6604938507080078, 0.6851851940155029, 0.6851851940155029, 0.6851851940155029, 0.6851851940155029, 0.6851851940155029, 0.6851851940155029]
Val_accuracy: [0.6296296119689941, 0.6296296119689941, 0.6296296119689941, 0.6296296119689941, 0.6296296119689941, 0.6296296119689941, 0.6296296119689941, 0.6296296119689941, 0.6296296119689941, 0.6296296119689941, 0.6296296119689941]

