Modelo: VGG_16
Tempo de execução: 57.108986139297485
Loss: [122585.015625, 0.7067969441413879, 0.664847195148468, 0.6305484771728516, 0.6270386576652527, 0.6288390159606934, 0.6305338740348816, 0.6287111639976501, 0.6296742558479309, 0.6304588317871094, 0.6302453875541687, 0.6265694499015808]
Val_loss: [0.9121941328048706, 0.6598036885261536, 0.6601476073265076, 0.667779266834259, 0.6711210608482361, 0.6710492372512817, 0.6665616631507874, 0.6768668293952942, 0.6726453304290771, 0.6751948595046997, 0.6680431962013245, 0.6728877425193787]
Accuracy: [0.5679012537002563, 0.654321014881134, 0.6851851940155029, 0.6851851940155029, 0.6851851940155029, 0.6851851940155029, 0.6851851940155029, 0.6851851940155029, 0.6851851940155029, 0.6851851940155029, 0.6851851940155029, 0.6851851940155029]
Val_accuracy: [0.6296296119689941, 0.6296296119689941, 0.6296296119689941, 0.6296296119689941, 0.6296296119689941, 0.6296296119689941, 0.6296296119689941, 0.6296296119689941, 0.6296296119689941, 0.6296296119689941, 0.6296296119689941, 0.6296296119689941]

