Modelo: ResNet34
Tempo de execução: 32.07105803489685
Loss: [0.7888051271438599, 0.7298514246940613, 0.6735607385635376, 0.5677952170372009, 0.6081492304801941, 0.48590996861457825, 0.41380661725997925, 0.35026875138282776, 0.2990367114543915, 0.3476155698299408, 0.27871274948120117]
Val_loss: [0.7068005204200745, 42.252681732177734, 28.92925453186035, 6.608436584472656, 2.4459915161132812, 1.7065539360046387, 2.098068952560425, 1.4884428977966309, 2.3397533893585205, 1.5848087072372437, 3.732917308807373]
Accuracy: [0.6025640964508057, 0.6089743375778198, 0.6217948794364929, 0.6987179517745972, 0.6666666865348816, 0.7564102411270142, 0.8141025900840759, 0.8269230723381042, 0.8589743375778198, 0.8461538553237915, 0.8525640964508057]
Val_accuracy: [0.4637681245803833, 0.30434781312942505, 0.30434781312942505, 0.3188405930995941, 0.30434781312942505, 0.3478260934352875, 0.3913043439388275, 0.3478260934352875, 0.4202898442745209, 0.4057970941066742, 0.3188405930995941]

