Modelo: ResNet34
Tempo de execução: 32.22177982330322
Loss: [0.7849715948104858, 0.7380420565605164, 0.6362841725349426, 0.5380655527114868, 0.4851958453655243, 0.4513706862926483, 0.38296058773994446, 0.3964886963367462, 0.29235801100730896, 0.2814245820045471, 0.25521862506866455]
Val_loss: [1.0176023244857788, 1.5975779294967651, 7.855525493621826, 2.0455875396728516, 2.151033878326416, 4.532288074493408, 1.2483220100402832, 1.0724812746047974, 1.102433681488037, 3.288527488708496, 1.382222294807434]
Accuracy: [0.5192307829856873, 0.6282051205635071, 0.6282051205635071, 0.7115384340286255, 0.7692307829856873, 0.7884615659713745, 0.8141025900840759, 0.7756410241127014, 0.8653846383094788, 0.8846153616905212, 0.8717948794364929]
Val_accuracy: [0.695652186870575, 0.30434781312942505, 0.30434781312942505, 0.695652186870575, 0.36231884360313416, 0.52173912525177, 0.739130437374115, 0.52173912525177, 0.5797101259231567, 0.3333333432674408, 0.3913043439388275]

