Modelo: ResNet34
Tempo de execução: 48.37487554550171
Loss: [0.8058118224143982, 0.702177107334137, 0.5938955545425415, 0.5705954432487488, 0.5345661044120789, 0.41610628366470337, 0.3131420314311981, 0.30932462215423584, 0.2630614936351776, 0.21110405027866364, 0.17292870581150055, 0.15638449788093567, 0.11839748173952103, 0.11229084432125092, 0.23712407052516937, 0.16900251805782318, 0.10287704318761826, 0.08880413323640823]
Val_loss: [2.917024850845337, 0.9514065980911255, 1.3149360418319702, 2.4746670722961426, 1.7887951135635376, 0.8454141616821289, 1.0086899995803833, 0.522676408290863, 2.613853693008423, 1.9529742002487183, 0.8755102157592773, 1.2583372592926025, 1.7336711883544922, 2.3199641704559326, 0.9509410262107849, 2.825477123260498, 2.1776015758514404, 0.85695880651474]
Accuracy: [0.5064102411270142, 0.6089743375778198, 0.6602563858032227, 0.7307692170143127, 0.7692307829856873, 0.7820512652397156, 0.8846153616905212, 0.8589743375778198, 0.8974359035491943, 0.8974359035491943, 0.942307710647583, 0.942307710647583, 0.942307710647583, 0.9487179517745972, 0.8846153616905212, 0.9294871687889099, 0.9615384340286255, 0.9615384340286255]
Val_accuracy: [0.695652186870575, 0.5507246255874634, 0.695652186870575, 0.4637681245803833, 0.5942028760910034, 0.5797101259231567, 0.6231883764266968, 0.739130437374115, 0.4492753744125366, 0.52173912525177, 0.52173912525177, 0.5797101259231567, 0.4637681245803833, 0.4637681245803833, 0.6521739363670349, 0.5072463750839233, 0.49275362491607666, 0.6376811861991882]

