Modelo: ResNet34
Tempo de execução: 35.282010316848755
Loss: [0.8563002347946167, 0.73476243019104, 0.5971019268035889, 0.4731818437576294, 0.3964335322380066, 0.3347489833831787, 0.38508912920951843, 0.2615263760089874, 0.22468802332878113, 0.1890483945608139, 0.17707905173301697]
Val_loss: [0.7118836045265198, 5.162942409515381, 0.7131800055503845, 2.6541669368743896, 1.8484817743301392, 2.248868227005005, 1.0023237466812134, 1.966440200805664, 4.19853401184082, 4.185088157653809, 3.118520975112915]
Accuracy: [0.5833333134651184, 0.6217948794364929, 0.7115384340286255, 0.7884615659713745, 0.7948718070983887, 0.8333333134651184, 0.8525640964508057, 0.9038461446762085, 0.9166666865348816, 0.9038461446762085, 0.9230769276618958]
Val_accuracy: [0.695652186870575, 0.695652186870575, 0.6811594367027283, 0.5072463750839233, 0.47826087474823, 0.5797101259231567, 0.3913043439388275, 0.5942028760910034, 0.6231883764266968, 0.5507246255874634, 0.43478259444236755]

