Modelo: ResNet34
Tempo de execução: 32.148412227630615
Loss: [0.7427046298980713, 0.6277785897254944, 0.4584704637527466, 0.411761611700058, 0.3023586869239807, 0.24316376447677612, 0.2246427983045578, 0.2620750963687897, 0.20667733252048492, 0.13950194418430328, 0.27197209000587463]
Val_loss: [0.6284045577049255, 5.514751434326172, 1.2047255039215088, 2.2507731914520264, 1.4948804378509521, 4.018246173858643, 1.9603105783462524, 1.0956400632858276, 2.2685277462005615, 1.5626698732376099, 1.7309151887893677]
Accuracy: [0.5833333134651184, 0.6858974099159241, 0.7884615659713745, 0.8205128312110901, 0.8910256624221802, 0.9166666865348816, 0.8910256624221802, 0.8910256624221802, 0.9038461446762085, 0.942307710647583, 0.8525640964508057]
Val_accuracy: [0.695652186870575, 0.30434781312942505, 0.7101449370384216, 0.5072463750839233, 0.49275362491607666, 0.3913043439388275, 0.7101449370384216, 0.6231883764266968, 0.4202898442745209, 0.6086956262588501, 0.52173912525177]

