Modelo: ResNet34
Tempo de execução: 33.41555833816528
Loss: [0.7559729814529419, 0.8312795758247375, 0.599118709564209, 0.7323240041732788, 0.4504869282245636, 0.3946878910064697, 0.3934725522994995, 0.33054685592651367, 0.33937957882881165, 0.2422611266374588, 0.21048222482204437]
Val_loss: [0.8601235151290894, 1.9606597423553467, 1.1227744817733765, 2.669062852859497, 1.8250054121017456, 3.0026841163635254, 2.794565439224243, 3.3622779846191406, 2.279093027114868, 3.2082722187042236, 2.2764463424682617]
Accuracy: [0.6025640964508057, 0.6282051205635071, 0.6730769276618958, 0.6282051205635071, 0.7948718070983887, 0.8141025900840759, 0.8205128312110901, 0.8589743375778198, 0.8653846383094788, 0.9102563858032227, 0.942307710647583]
Val_accuracy: [0.36231884360313416, 0.7246376872062683, 0.37681159377098083, 0.30434781312942505, 0.4057970941066742, 0.3333333432674408, 0.43478259444236755, 0.4492753744125366, 0.37681159377098083, 0.3188405930995941, 0.4202898442745209]

