Modelo: ResNet34
Tempo de execução: 41.438556432724
Loss: [0.827606201171875, 0.6968979835510254, 0.6995585560798645, 0.6355382800102234, 0.5640075206756592, 0.5272144079208374, 0.4650667607784271, 0.3679835796356201, 0.38650092482566833, 0.38004738092422485, 0.32408326864242554, 0.26000484824180603, 0.2563328742980957, 0.2512538731098175, 0.18819086253643036]
Val_loss: [0.6089889407157898, 13.62387752532959, 0.7721192240715027, 0.5659838318824768, 0.5280335545539856, 1.1386973857879639, 1.586323618888855, 3.949570894241333, 1.2747703790664673, 3.8568058013916016, 4.026342391967773, 1.2428559064865112, 1.1620081663131714, 2.127192497253418, 1.1891059875488281]
Accuracy: [0.5961538553237915, 0.6474359035491943, 0.6025640964508057, 0.6410256624221802, 0.6987179517745972, 0.7179487347602844, 0.7692307829856873, 0.8269230723381042, 0.8012820482254028, 0.8333333134651184, 0.8525640964508057, 0.9038461446762085, 0.8717948794364929, 0.8910256624221802, 0.9230769276618958]
Val_accuracy: [0.6666666865348816, 0.30434781312942505, 0.3333333432674408, 0.7246376872062683, 0.7246376872062683, 0.6811594367027283, 0.6086956262588501, 0.49275362491607666, 0.52173912525177, 0.52173912525177, 0.4057970941066742, 0.36231884360313416, 0.6231883764266968, 0.4202898442745209, 0.47826087474823]

