Modelo: ResNet34
Tempo de execução: 33.331767559051514
Loss: [0.7615710496902466, 0.7390372157096863, 0.6673350930213928, 0.5667587518692017, 0.4330861568450928, 0.35670602321624756, 0.28346845507621765, 0.28998562693595886, 0.21677222847938538, 0.17269054055213928, 0.23042815923690796]
Val_loss: [0.612774670124054, 43.2958984375, 2.5434188842773438, 2.549872875213623, 1.498167634010315, 1.291673183441162, 3.7682199478149414, 1.5887531042099, 4.5387067794799805, 2.3989243507385254, 2.405329942703247]
Accuracy: [0.6025640964508057, 0.6089743375778198, 0.6474359035491943, 0.7243589758872986, 0.7820512652397156, 0.8589743375778198, 0.8846153616905212, 0.8846153616905212, 0.8974359035491943, 0.9166666865348816, 0.8910256624221802]
Val_accuracy: [0.695652186870575, 0.695652186870575, 0.695652186870575, 0.5797101259231567, 0.6086956262588501, 0.5362318754196167, 0.4492753744125366, 0.4492753744125366, 0.5072463750839233, 0.28985506296157837, 0.5797101259231567]

