Modelo: ResNet34
Tempo de execução: 31.987274885177612
Loss: [0.7592960000038147, 0.7151421308517456, 0.5367748737335205, 0.6031455397605896, 0.43756982684135437, 0.3783821165561676, 0.36936843395233154, 0.37192773818969727, 0.33137059211730957, 0.2391778528690338, 0.23767536878585815]
Val_loss: [0.7698291540145874, 74.45751953125, 29.961185455322266, 16.538652420043945, 3.149362564086914, 8.026721000671387, 5.168340682983398, 3.7601587772369385, 8.361364364624023, 3.778855085372925, 12.127813339233398]
Accuracy: [0.6282051205635071, 0.6153846383094788, 0.7115384340286255, 0.7051281929016113, 0.8012820482254028, 0.8461538553237915, 0.8461538553237915, 0.8397436141967773, 0.8525640964508057, 0.9102563858032227, 0.8846153616905212]
Val_accuracy: [0.695652186870575, 0.30434781312942505, 0.30434781312942505, 0.30434781312942505, 0.52173912525177, 0.30434781312942505, 0.6231883764266968, 0.4492753744125366, 0.4492753744125366, 0.37681159377098083, 0.3333333432674408]

