Modelo: ResNet34
Tempo de execução: 45.00938582420349
Loss: [0.7250986099243164, 0.8424328565597534, 0.5724415183067322, 0.455426961183548, 0.39948996901512146, 0.38832977414131165, 0.38664230704307556, 0.22201870381832123, 0.1984184980392456, 0.14077214896678925, 0.13820719718933105, 0.11741874366998672, 0.2609955370426178, 0.09302226454019547, 0.13582362234592438, 0.16368864476680756, 0.10432956367731094]
Val_loss: [1.297032117843628, 5.535220623016357, 7.391451835632324, 2.8984005451202393, 2.962592601776123, 3.570585250854492, 0.8205031156539917, 2.848994255065918, 1.8730318546295166, 1.905434012413025, 3.549185276031494, 3.7303874492645264, 1.7092050313949585, 1.713290810585022, 6.405089378356934, 2.0142602920532227, 3.5707314014434814]
Accuracy: [0.5833333134651184, 0.5769230723381042, 0.75, 0.7628205418586731, 0.8269230723381042, 0.8461538553237915, 0.8269230723381042, 0.9166666865348816, 0.9230769276618958, 0.9487179517745972, 0.942307710647583, 0.9551281929016113, 0.8717948794364929, 0.9807692170143127, 0.9230769276618958, 0.9230769276618958, 0.9679487347602844]
Val_accuracy: [0.695652186870575, 0.695652186870575, 0.7101449370384216, 0.6521739363670349, 0.3188405930995941, 0.4057970941066742, 0.7246376872062683, 0.695652186870575, 0.52173912525177, 0.6666666865348816, 0.3478260934352875, 0.36231884360313416, 0.5942028760910034, 0.5507246255874634, 0.695652186870575, 0.5652173757553101, 0.4202898442745209]

