Modelo: ResNet34
Tempo de execução: 38.709054470062256
Loss: [0.8857882618904114, 0.695044994354248, 0.72734135389328, 0.7074962854385376, 0.5498098134994507, 0.5839710831642151, 0.5247085094451904, 0.39882269501686096, 0.367623507976532, 0.3638458549976349, 0.3057919442653656, 0.36538392305374146, 0.2904059886932373, 0.2459915727376938]
Val_loss: [0.7655041813850403, 0.6363263726234436, 0.8124561905860901, 0.581268310546875, 13.73366641998291, 3.4120895862579346, 0.8929134607315063, 1.1628291606903076, 2.4668755531311035, 0.6413148641586304, 1.3585747480392456, 0.8552008271217346, 1.1827696561813354, 5.19639253616333]
Accuracy: [0.5424836874008179, 0.6274510025978088, 0.5490196347236633, 0.6274510025978088, 0.7450980544090271, 0.6993464231491089, 0.7189542651176453, 0.8235294222831726, 0.8496732115745544, 0.8496732115745544, 0.8562091588973999, 0.8169934749603271, 0.8888888955116272, 0.8888888955116272]
Val_accuracy: [0.3333333432674408, 0.6666666865348816, 0.3333333432674408, 0.739130437374115, 0.6666666865348816, 0.6666666865348816, 0.5072463750839233, 0.5652173757553101, 0.5797101259231567, 0.7246376872062683, 0.6811594367027283, 0.7101449370384216, 0.43478259444236755, 0.5797101259231567]

