Modelo: ResNet34
Tempo de execução: 39.94462323188782
Loss: [0.8017665147781372, 0.6483228206634521, 0.5458822846412659, 0.4464942514896393, 0.42414361238479614, 0.4008690416812897, 0.3353034555912018, 0.3341647982597351, 0.20722727477550507, 0.24979457259178162, 0.198985755443573, 0.12929855287075043, 0.23287023603916168, 0.1414644718170166]
Val_loss: [0.8285990357398987, 1.584276795387268, 2.670445442199707, 0.6040356755256653, 1.7494175434112549, 0.8512129187583923, 1.6283668279647827, 7.089019775390625, 1.4668824672698975, 1.0469064712524414, 1.2663040161132812, 1.8501757383346558, 2.1752517223358154, 2.25724458694458]
Accuracy: [0.5359477400779724, 0.6928104758262634, 0.673202633857727, 0.7777777910232544, 0.8366013169288635, 0.843137264251709, 0.8627451062202454, 0.8692810535430908, 0.9281045794487, 0.9084967374801636, 0.8954248428344727, 0.9607843160629272, 0.9281045794487, 0.9477124214172363]
Val_accuracy: [0.3333333432674408, 0.3333333432674408, 0.3333333432674408, 0.8260869383811951, 0.3478260934352875, 0.7101449370384216, 0.43478259444236755, 0.3478260934352875, 0.7101449370384216, 0.7246376872062683, 0.5072463750839233, 0.3913043439388275, 0.47826087474823, 0.5652173757553101]

