Modelo: ResNet34
Tempo de execução: 59.54028797149658
Loss: [0.8225146532058716, 0.828656017780304, 0.5880786776542664, 0.5155302882194519, 0.34631821513175964, 0.31484460830688477, 0.32559913396835327, 0.19527311623096466, 0.3022524416446686, 0.17673274874687195, 0.09753621369600296, 0.18327473104000092, 0.12192065268754959, 0.1676696389913559, 0.18445394933223724, 0.06395308673381805, 0.03788116201758385, 0.010884345509111881, 0.006233966443687677, 0.004382775165140629, 0.00360512500628829, 0.0027449685148894787]
Val_loss: [1.1502830982208252, 51.43781661987305, 1.0982400178909302, 1.1571273803710938, 1.0042518377304077, 4.933225631713867, 5.714987277984619, 5.023472309112549, 0.9213563203811646, 1.1147993803024292, 0.8936315774917603, 0.6343572735786438, 1.2597594261169434, 1.7894096374511719, 1.547982931137085, 1.5416665077209473, 0.8668670058250427, 1.268692135810852, 1.0378626585006714, 1.2144337892532349, 1.0676246881484985, 1.0772643089294434]
Accuracy: [0.5032680034637451, 0.6078431606292725, 0.686274528503418, 0.7647058963775635, 0.8235294222831726, 0.8823529481887817, 0.8692810535430908, 0.9215686321258545, 0.8692810535430908, 0.915032684803009, 0.9607843160629272, 0.915032684803009, 0.9542483687400818, 0.9215686321258545, 0.9346405267715454, 0.9803921580314636, 1.0, 1.0, 1.0, 1.0, 1.0, 1.0]
Val_accuracy: [0.3333333432674408, 0.3333333432674408, 0.6811594367027283, 0.49275362491607666, 0.695652186870575, 0.3333333432674408, 0.3478260934352875, 0.3478260934352875, 0.695652186870575, 0.49275362491607666, 0.695652186870575, 0.7536231875419617, 0.52173912525177, 0.37681159377098083, 0.5072463750839233, 0.5362318754196167, 0.6086956262588501, 0.5507246255874634, 0.5942028760910034, 0.5362318754196167, 0.5652173757553101, 0.5942028760910034]

