Modelo: ResNet34
Tempo de execução: 38.64824151992798
Loss: [0.858102023601532, 0.6923640370368958, 0.6230772137641907, 0.45109379291534424, 0.3059987425804138, 0.2513735592365265, 0.18061520159244537, 0.22662660479545593, 0.16268199682235718, 0.13003359735012054, 0.09833285212516785, 0.06632234901189804, 0.17545202374458313, 0.09896384179592133]
Val_loss: [1.1096429824829102, 14.886244773864746, 0.8002679944038391, 0.6384127736091614, 0.9700749516487122, 1.3813666105270386, 1.473379373550415, 2.728956460952759, 1.650681495666504, 2.8280787467956543, 0.9694347381591797, 5.403825759887695, 15.294350624084473, 2.0335872173309326]
Accuracy: [0.5490196347236633, 0.5947712659835815, 0.7058823704719543, 0.8039215803146362, 0.8692810535430908, 0.8888888955116272, 0.9477124214172363, 0.9215686321258545, 0.9477124214172363, 0.9542483687400818, 0.9738562107086182, 0.9934640526771545, 0.9281045794487, 0.9607843160629272]
Val_accuracy: [0.6666666865348816, 0.6666666865348816, 0.6666666865348816, 0.7536231875419617, 0.5797101259231567, 0.6231883764266968, 0.7101449370384216, 0.52173912525177, 0.4202898442745209, 0.3188405930995941, 0.6086956262588501, 0.37681159377098083, 0.3333333432674408, 0.3333333432674408]

