Modelo: ResNet34
Tempo de execução: 59.950753688812256
Loss: [0.7815008163452148, 0.6680009365081787, 0.4668160676956177, 0.38225099444389343, 0.2862290143966675, 0.24277615547180176, 0.24458031356334686, 0.15634502470493317, 0.2513813078403473, 0.16166885197162628, 0.12196553498506546, 0.12598802149295807, 0.10121113061904907, 0.05750017240643501, 0.009401895105838776, 0.004990607500076294, 0.003518489422276616, 0.0027835124637931585, 0.002173683140426874, 0.001814133021980524, 0.001502464059740305, 0.0012539157178252935, 0.001076354063116014]
Val_loss: [1.2562905550003052, 93.048095703125, 1.811495304107666, 2.565107822418213, 0.8055868744850159, 0.8888236284255981, 6.615139007568359, 1.3082544803619385, 1.723302960395813, 1.0920146703720093, 1.741077184677124, 1.3669353723526, 0.6105062365531921, 1.0301613807678223, 0.728844404220581, 0.9028399586677551, 0.7828345894813538, 0.8337793946266174, 0.7651144862174988, 0.7934529185295105, 0.8310337066650391, 0.8149086833000183, 0.8500195741653442]
Accuracy: [0.529411792755127, 0.6535947918891907, 0.7777777910232544, 0.8104575276374817, 0.8692810535430908, 0.8888888955116272, 0.9019607901573181, 0.9477124214172363, 0.8888888955116272, 0.9346405267715454, 0.9542483687400818, 0.9542483687400818, 0.9607843160629272, 0.9934640526771545, 1.0, 1.0, 1.0, 1.0, 1.0, 1.0, 1.0, 1.0, 1.0]
Val_accuracy: [0.3333333432674408, 0.3333333432674408, 0.6811594367027283, 0.43478259444236755, 0.695652186870575, 0.5797101259231567, 0.3333333432674408, 0.4637681245803833, 0.5652173757553101, 0.4637681245803833, 0.5072463750839233, 0.5362318754196167, 0.739130437374115, 0.6231883764266968, 0.7246376872062683, 0.695652186870575, 0.695652186870575, 0.695652186870575, 0.6811594367027283, 0.6811594367027283, 0.6811594367027283, 0.695652186870575, 0.6811594367027283]

