Modelo: ResNet34
Tempo de execução: 53.62629961967468
Loss: [0.820658266544342, 0.6432966589927673, 0.6410788893699646, 0.37433385848999023, 0.30674341320991516, 0.22846950590610504, 0.2001146674156189, 0.23947566747665405, 0.16251331567764282, 0.15427756309509277, 0.09168865531682968, 0.11960714310407639, 0.0994161069393158, 0.041841767728328705, 0.012832272797822952, 0.006240543909370899, 0.002750301966443658, 0.0020797497127205133, 0.0016990987351164222]
Val_loss: [3.0172176361083984, 7.958333492279053, 1.6111092567443848, 3.0875601768493652, 0.9608632922172546, 0.6403809785842896, 1.339023470878601, 0.6834262013435364, 0.5702084898948669, 0.7416278719902039, 0.9970413446426392, 0.9946098923683167, 0.8937150835990906, 0.7091739773750305, 0.8966578245162964, 0.5913563370704651, 0.6159858107566833, 0.6561800241470337, 0.6288130283355713]
Accuracy: [0.5686274766921997, 0.6928104758262634, 0.6470588445663452, 0.843137264251709, 0.9084967374801636, 0.8888888955116272, 0.915032684803009, 0.8823529481887817, 0.9215686321258545, 0.9411764740943909, 0.9803921580314636, 0.9477124214172363, 0.9607843160629272, 1.0, 1.0, 1.0, 1.0, 1.0, 1.0]
Val_accuracy: [0.6666666865348816, 0.3333333432674408, 0.3333333432674408, 0.6811594367027283, 0.5072463750839233, 0.6231883764266968, 0.36231884360313416, 0.6666666865348816, 0.7101449370384216, 0.8260869383811951, 0.52173912525177, 0.5797101259231567, 0.6666666865348816, 0.6666666865348816, 0.5797101259231567, 0.7246376872062683, 0.695652186870575, 0.695652186870575, 0.7101449370384216]

