Modelo: ResNet34
Tempo de execução: 64.55636143684387
Loss: [0.789585530757904, 0.7296634912490845, 0.7197709679603577, 0.5763311982154846, 0.4807296097278595, 0.46572715044021606, 0.45716843008995056, 0.4190939962863922, 0.34395167231559753, 0.2568826675415039, 0.3152666389942169, 0.3130281865596771, 0.3150410056114197, 0.39064666628837585, 0.3409299850463867, 0.23744837939739227, 0.13172291219234467, 0.3633117079734802, 0.19682691991329193, 0.1201949417591095, 0.09412530809640884, 0.07805943489074707, 0.1638328582048416, 0.07087301462888718, 0.04982183873653412, 0.024044137448072433]
Val_loss: [2.3456828594207764, 1.8880531787872314, 0.7427773475646973, 0.5802071690559387, 1.3466765880584717, 1.5850087404251099, 0.6054081916809082, 0.5765153169631958, 0.9586555361747742, 0.6116513609886169, 1.0637181997299194, 0.8828948140144348, 17.098766326904297, 1.72394859790802, 1.361731767654419, 0.4679962992668152, 0.5500766634941101, 0.47535091638565063, 0.8311284184455872, 0.5228945016860962, 0.5654276013374329, 0.5336940884590149, 0.5149007439613342, 0.5829803943634033, 0.5624237656593323, 0.4976007342338562]
Accuracy: [0.5686274766921997, 0.6143791079521179, 0.5751634240150452, 0.673202633857727, 0.7712418437004089, 0.7777777910232544, 0.7450980544090271, 0.7712418437004089, 0.843137264251709, 0.8627451062202454, 0.8758170008659363, 0.8496732115745544, 0.8366013169288635, 0.8169934749603271, 0.8169934749603271, 0.8888888955116272, 0.9673202633857727, 0.8169934749603271, 0.915032684803009, 0.9607843160629272, 0.9673202633857727, 0.9738562107086182, 0.9215686321258545, 0.9803921580314636, 0.9869281053543091, 1.0]
Val_accuracy: [0.3333333432674408, 0.3333333432674408, 0.6666666865348816, 0.6811594367027283, 0.6521739363670349, 0.6666666865348816, 0.6811594367027283, 0.7101449370384216, 0.4492753744125366, 0.7246376872062683, 0.6811594367027283, 0.6811594367027283, 0.6666666865348816, 0.6811594367027283, 0.43478259444236755, 0.8115941882133484, 0.8405796885490417, 0.7681159377098083, 0.695652186870575, 0.739130437374115, 0.7681159377098083, 0.7971014380455017, 0.782608687877655, 0.7536231875419617, 0.7681159377098083, 0.7971014380455017]

