Modelo: ResNet34
Tempo de execução: 43.70615243911743
Loss: [0.7866987586021423, 0.7147502303123474, 0.6680458188056946, 0.5259047746658325, 0.3450017273426056, 0.3355180025100708, 0.2623482048511505, 0.23298488557338715, 0.2495976686477661, 0.13088098168373108, 0.19744114577770233, 0.15469087660312653, 0.2194310873746872, 0.0998263880610466, 0.059725623577833176, 0.045671962201595306]
Val_loss: [1.036008358001709, 21.313756942749023, 16.648921966552734, 3.641263961791992, 2.8911330699920654, 1.0293570756912231, 1.2976266145706177, 3.1101443767547607, 6.634063720703125, 1.8427218198776245, 7.496735095977783, 2.808415174484253, 6.684388637542725, 5.027853488922119, 5.058518886566162, 2.6368842124938965]
Accuracy: [0.5620915293693542, 0.6078431606292725, 0.686274528503418, 0.7647058963775635, 0.8627451062202454, 0.8366013169288635, 0.9019607901573181, 0.915032684803009, 0.8758170008659363, 0.9673202633857727, 0.9346405267715454, 0.9542483687400818, 0.9084967374801636, 0.9738562107086182, 0.9869281053543091, 0.9869281053543091]
Val_accuracy: [0.6666666865348816, 0.3333333432674408, 0.6666666865348816, 0.49275362491607666, 0.7101449370384216, 0.7246376872062683, 0.695652186870575, 0.6666666865348816, 0.6666666865348816, 0.6231883764266968, 0.6666666865348816, 0.7101449370384216, 0.6666666865348816, 0.6811594367027283, 0.6811594367027283, 0.6811594367027283]

