Modelo: ResNet34
Tempo de execução: 40.7969970703125
Loss: [0.7469375133514404, 0.6411547064781189, 0.5581313371658325, 0.5242448449134827, 0.3807828426361084, 0.39931052923202515, 0.4087270200252533, 0.33731508255004883, 0.2938074469566345, 0.22642506659030914, 0.1665087789297104, 0.23265624046325684, 0.14057017862796783, 0.07095617800951004, 0.0653304010629654]
Val_loss: [0.7492479681968689, 0.611124575138092, 1.2633781433105469, 1.0289008617401123, 0.46210503578186035, 1.605648159980774, 2.3721392154693604, 1.6357479095458984, 1.4208967685699463, 0.9447014927864075, 1.079420804977417, 1.227022647857666, 0.8752701282501221, 0.9572927355766296, 1.4485414028167725]
Accuracy: [0.601307213306427, 0.673202633857727, 0.7058823704719543, 0.7516340017318726, 0.8300653696060181, 0.7973856329917908, 0.7908496856689453, 0.8758170008659363, 0.8823529481887817, 0.8954248428344727, 0.9281045794487, 0.9084967374801636, 0.9607843160629272, 0.9869281053543091, 0.9934640526771545]
Val_accuracy: [0.3333333432674408, 0.6666666865348816, 0.6666666865348816, 0.37681159377098083, 0.7681159377098083, 0.3913043439388275, 0.47826087474823, 0.5507246255874634, 0.6231883764266968, 0.6376811861991882, 0.5942028760910034, 0.5797101259231567, 0.5362318754196167, 0.5652173757553101, 0.49275362491607666]

