Modelo: ResNet34
Tempo de execução: 44.22037935256958
Loss: [0.846076488494873, 0.7682216167449951, 0.6358889937400818, 0.45788902044296265, 0.3940166234970093, 0.25153598189353943, 0.2730763256549835, 0.3034355938434601, 0.24640622735023499, 0.13108864426612854, 0.1142115518450737, 0.08789332956075668, 0.04442440718412399, 0.21024048328399658, 0.2536586821079254, 0.14013610780239105]
Val_loss: [0.6948263645172119, 2.670811414718628, 1.2065668106079102, 3.5557861328125, 0.7242582440376282, 0.5200613141059875, 0.7739196419715881, 6.45834493637085, 1.8577741384506226, 0.8704730868339539, 1.0349750518798828, 1.2051501274108887, 1.1803759336471558, 17.138822555541992, 11.292631149291992, 2.1747071743011475]
Accuracy: [0.5490196347236633, 0.5686274766921997, 0.6405228972434998, 0.7647058963775635, 0.8169934749603271, 0.8823529481887817, 0.8823529481887817, 0.8758170008659363, 0.8888888955116272, 0.9477124214172363, 0.9607843160629272, 0.9607843160629272, 1.0, 0.915032684803009, 0.9084967374801636, 0.9607843160629272]
Val_accuracy: [0.6666666865348816, 0.6666666865348816, 0.695652186870575, 0.6666666865348816, 0.6231883764266968, 0.7971014380455017, 0.6376811861991882, 0.6666666865348816, 0.6811594367027283, 0.6811594367027283, 0.5797101259231567, 0.5942028760910034, 0.6231883764266968, 0.4492753744125366, 0.4057970941066742, 0.3478260934352875]

