Modelo: ResNet34
Tempo de execução: 33.2368004322052
Loss: [0.8139085173606873, 0.6662814617156982, 0.6205002069473267, 0.5038999319076538, 0.433768093585968, 0.3480702042579651, 0.2314719706773758, 0.34912624955177307, 0.1764928549528122, 0.1978723406791687, 0.19033077359199524]
Val_loss: [0.7161587476730347, 149.8887481689453, 1.4389442205429077, 4.892808437347412, 7.050671577453613, 3.3489327430725098, 13.062259674072266, 3.221471071243286, 9.333197593688965, 13.066730499267578, 5.103107929229736]
Accuracy: [0.6103895902633667, 0.6948052048683167, 0.6623376607894897, 0.7597402334213257, 0.798701286315918, 0.850649356842041, 0.9220778942108154, 0.8441558480262756, 0.948051929473877, 0.9285714030265808, 0.9415584206581116]
Val_accuracy: [0.30882352590560913, 0.29411765933036804, 0.5441176295280457, 0.2647058963775635, 0.3235294222831726, 0.3970588147640228, 0.36764705181121826, 0.5588235259056091, 0.3529411852359772, 0.29411765933036804, 0.3382352888584137]

