Modelo: ResNet34
Tempo de execução: 43.453691482543945
Loss: [0.7984670400619507, 0.6675668358802795, 0.5286694765090942, 0.323804646730423, 0.27634137868881226, 0.33671775460243225, 0.3041084408760071, 0.32777780294418335, 0.19357328116893768, 0.09210754185914993, 0.08552519232034683, 0.23264753818511963, 0.35209858417510986, 0.17548929154872894, 0.15020182728767395]
Val_loss: [0.6000251173973083, 0.6321138739585876, 1.351961612701416, 0.7852481007575989, 0.5038465261459351, 206.3429412841797, 2.3397185802459717, 1.2105579376220703, 1.4140574932098389, 0.8675545454025269, 3.3106539249420166, 89.00889587402344, 0.7236019968986511, 69.28992462158203, 1.1528412103652954]
Accuracy: [0.551948070526123, 0.6623376607894897, 0.7532467246055603, 0.8831169009208679, 0.9025974273681641, 0.850649356842041, 0.8636363744735718, 0.8376623392105103, 0.9220778942108154, 0.9740259647369385, 0.9740259647369385, 0.9155844449996948, 0.8441558480262756, 0.9220778942108154, 0.9545454382896423]
Val_accuracy: [0.7058823704719543, 0.7058823704719543, 0.25, 0.5882353186607361, 0.7352941036224365, 0.29411765933036804, 0.29411765933036804, 0.3382352888584137, 0.4852941036224365, 0.6764705777168274, 0.2647058963775635, 0.29411765933036804, 0.6029411554336548, 0.29411765933036804, 0.6323529481887817]

