Modelo: ResNet34
Tempo de execução: 77.3156156539917
Loss: [0.7281360030174255, 0.6020469665527344, 0.44670531153678894, 0.34223672747612, 0.21179386973381042, 0.2175714373588562, 0.28356531262397766, 0.13688446581363678, 0.07989059388637543, 0.0685264840722084, 0.07397351413965225, 0.10385078191757202, 0.3853013217449188, 0.2775612473487854, 0.08927324414253235, 0.0473073348402977, 0.05519411340355873, 0.02146134525537491, 0.18281035125255585, 0.05846325680613518, 0.2083527147769928, 0.07333837449550629, 0.023159243166446686, 0.004208588507026434, 0.0025896981824189425, 0.0019105096580460668, 0.0015595421427860856, 0.0013012170093134046, 0.0011050499742850661, 0.0009549125679768622, 0.000828042917419225, 0.0007244114531204104]
Val_loss: [1.5367408990859985, 9.049737930297852, 2.8297786712646484, 1.882395625114441, 1.3480923175811768, 7.676215648651123, 4.081437110900879, 0.5691800117492676, 1.1159520149230957, 0.9589226841926575, 2.153914213180542, 0.6079520583152771, 3.122744083404541, 0.8544582724571228, 0.6424112319946289, 0.937175452709198, 1.117850422859192, 0.5531506538391113, 6.629997730255127, 2.4221575260162354, 2.018706798553467, 0.49018731713294983, 0.8455017805099487, 0.7354092597961426, 0.7067136764526367, 0.6616866588592529, 0.6638324856758118, 0.6731849312782288, 0.7143015265464783, 0.7368006110191345, 0.756643533706665, 0.7368383407592773]
Accuracy: [0.5909090638160706, 0.701298713684082, 0.7857142686843872, 0.8636363744735718, 0.9090909361839294, 0.9285714030265808, 0.8766233921051025, 0.948051929473877, 0.9805194735527039, 0.9870129823684692, 0.9740259647369385, 0.9610389471054077, 0.8766233921051025, 0.8766233921051025, 0.9675324559211731, 1.0, 0.9805194735527039, 0.9935064911842346, 0.9090909361839294, 0.9805194735527039, 0.9090909361839294, 0.9740259647369385, 0.9935064911842346, 1.0, 1.0, 1.0, 1.0, 1.0, 1.0, 1.0, 1.0, 1.0]
Val_accuracy: [0.29411765933036804, 0.29411765933036804, 0.29411765933036804, 0.47058823704719543, 0.6323529481887817, 0.29411765933036804, 0.30882352590560913, 0.75, 0.5735294222831726, 0.5147058963775635, 0.3529411852359772, 0.779411792755127, 0.38235294818878174, 0.720588207244873, 0.6617646813392639, 0.6029411554336548, 0.75, 0.779411792755127, 0.29411765933036804, 0.38235294818878174, 0.45588234066963196, 0.75, 0.720588207244873, 0.75, 0.779411792755127, 0.7941176295280457, 0.779411792755127, 0.7941176295280457, 0.779411792755127, 0.7647058963775635, 0.75, 0.7352941036224365]

