Modelo: ResNet34
Tempo de execução: 32.9728684425354
Loss: [0.7699425220489502, 0.693260669708252, 0.6777245402336121, 0.48416033387184143, 0.3216632008552551, 0.33642545342445374, 0.2901260554790497, 0.2583407163619995, 0.16567851603031158, 0.1817360669374466, 0.17599274218082428]
Val_loss: [0.6568030714988708, 3.1254849433898926, 0.7414534687995911, 1.3374292850494385, 6.795126914978027, 7.523650646209717, 2.7166123390197754, 9.740421295166016, 4.685382843017578, 0.85453200340271, 0.7991492748260498]
Accuracy: [0.5584415793418884, 0.6298701167106628, 0.6753246784210205, 0.7532467246055603, 0.8766233921051025, 0.8571428656578064, 0.8831169009208679, 0.8961039185523987, 0.9545454382896423, 0.9415584206581116, 0.9285714030265808]
Val_accuracy: [0.7058823704719543, 0.29411765933036804, 0.7058823704719543, 0.5882353186607361, 0.29411765933036804, 0.29411765933036804, 0.29411765933036804, 0.29411765933036804, 0.38235294818878174, 0.7352941036224365, 0.7058823704719543]

