Modelo: ResNet34
Tempo de execução: 36.4402174949646
Loss: [0.8001949191093445, 0.6103913187980652, 0.5053092837333679, 0.3814862072467804, 0.3116150498390198, 0.3212798237800598, 0.24736027419567108, 0.2358447164297104, 0.19051845371723175, 0.2009395956993103, 0.10339147597551346, 0.15934738516807556, 0.16067537665367126]
Val_loss: [0.6240880489349365, 1.232979655265808, 0.4735654294490814, 1.1698025465011597, 1.7932443618774414, 2.4247076511383057, 1.410870909690857, 1.796142578125, 2.617990493774414, 12.573140144348145, 2.011000394821167, 2.601395606994629, 1.7634261846542358]
Accuracy: [0.6233766078948975, 0.7142857313156128, 0.7662337422370911, 0.8116883039474487, 0.8766233921051025, 0.8441558480262756, 0.9155844449996948, 0.9025974273681641, 0.9285714030265808, 0.9220778942108154, 0.9545454382896423, 0.9610389471054077, 0.9545454382896423]
Val_accuracy: [0.7058823704719543, 0.29411765933036804, 0.7941176295280457, 0.45588234066963196, 0.3970588147640228, 0.27941176295280457, 0.5, 0.29411765933036804, 0.29411765933036804, 0.7058823704719543, 0.6911764740943909, 0.3529411852359772, 0.29411765933036804]

