Modelo: ResNet34
Tempo de execução: 37.14050030708313
Loss: [0.8004897236824036, 0.7088363766670227, 0.42380693554878235, 0.38295507431030273, 0.32157576084136963, 0.2999829947948456, 0.2252240926027298, 0.15896102786064148, 0.2267320603132248, 0.2953833341598511, 0.14178697764873505, 0.09877865016460419]
Val_loss: [6.64682674407959, 0.8142678737640381, 7.705633640289307, 9.383855819702148, 8.114155769348145, 3.32606840133667, 1.6957480907440186, 9.115424156188965, 20.296899795532227, 20.747766494750977, 1.0758942365646362, 2.1792144775390625]
Accuracy: [0.5194805264472961, 0.6298701167106628, 0.798701286315918, 0.8376623392105103, 0.8831169009208679, 0.8701298832893372, 0.9155844449996948, 0.9675324559211731, 0.8961039185523987, 0.8636363744735718, 0.9545454382896423, 0.9740259647369385]
Val_accuracy: [0.29411765933036804, 0.23529411852359772, 0.29411765933036804, 0.29411765933036804, 0.29411765933036804, 0.30882352590560913, 0.5, 0.29411765933036804, 0.29411765933036804, 0.29411765933036804, 0.6323529481887817, 0.6911764740943909]

