Modelo: ResNet34
Tempo de execução: 49.34041976928711
Loss: [0.7892723679542542, 0.6805427074432373, 0.5527370572090149, 0.3535877466201782, 0.3641374707221985, 0.2393757700920105, 0.2129945605993271, 0.14929834008216858, 0.21177881956100464, 0.2473944127559662, 0.13496077060699463, 0.12499741464853287, 0.1945633441209793, 0.07510080933570862, 0.018839659169316292, 0.005929624196141958, 0.003256135154515505, 0.00217716908082366]
Val_loss: [0.5251267552375793, 1.3799744844436646, 0.8814306259155273, 1.6240636110305786, 1.9315670728683472, 3.251115560531616, 1.478765606880188, 0.5245987772941589, 2.153233289718628, 1.8185911178588867, 3.1934642791748047, 0.6731124520301819, 13.946284294128418, 0.8236909508705139, 1.2513622045516968, 1.2466399669647217, 1.397444725036621, 1.3424171209335327]
Accuracy: [0.5909090638160706, 0.6298701167106628, 0.7532467246055603, 0.8311688303947449, 0.8571428656578064, 0.9090909361839294, 0.9025974273681641, 0.9545454382896423, 0.8961039185523987, 0.8896104097366333, 0.948051929473877, 0.9350649118423462, 0.9220778942108154, 0.9675324559211731, 1.0, 1.0, 1.0, 1.0]
Val_accuracy: [0.75, 0.7058823704719543, 0.3970588147640228, 0.36764705181121826, 0.29411765933036804, 0.38235294818878174, 0.529411792755127, 0.7941176295280457, 0.6911764740943909, 0.5, 0.30882352590560913, 0.779411792755127, 0.29411765933036804, 0.7058823704719543, 0.6764705777168274, 0.6911764740943909, 0.6764705777168274, 0.6764705777168274]

