Modelo: ResNet34
Tempo de execução: 53.437002420425415
Loss: [0.7889136075973511, 0.7292405366897583, 0.5244425535202026, 0.4697435200214386, 0.4213787913322449, 0.3407800495624542, 0.2854236662387848, 0.2771564722061157, 0.27464956045150757, 0.21783135831356049, 0.2162250131368637, 0.23999382555484772, 0.12035052478313446, 0.23054471611976624, 0.12926283478736877, 0.07153574377298355, 0.1151111051440239, 0.1074434369802475, 0.06302221864461899, 0.07383591681718826, 0.12966883182525635]
Val_loss: [0.9927201271057129, 1.8707588911056519, 0.7088581919670105, 1.8065077066421509, 4.994117736816406, 8.659443855285645, 0.913108766078949, 7.247134685516357, 1.7461495399475098, 1.783522129058838, 0.6020640730857849, 2.3878772258758545, 1.6770330667495728, 1.5100089311599731, 0.7258181571960449, 3.0690014362335205, 0.8209818005561829, 4.339402198791504, 2.631528377532959, 8.100212097167969, 1.3653308153152466]
Accuracy: [0.5389610528945923, 0.6363636255264282, 0.7272727489471436, 0.7402597665786743, 0.8246753215789795, 0.850649356842041, 0.9090909361839294, 0.9025974273681641, 0.9090909361839294, 0.9220778942108154, 0.9090909361839294, 0.9220778942108154, 0.9675324559211731, 0.9155844449996948, 0.9545454382896423, 0.9675324559211731, 0.9545454382896423, 0.9610389471054077, 0.9870129823684692, 0.9805194735527039, 0.9415584206581116]
Val_accuracy: [0.29411765933036804, 0.29411765933036804, 0.4852941036224365, 0.6470588445663452, 0.6764705777168274, 0.6911764740943909, 0.6470588445663452, 0.6617646813392639, 0.3529411852359772, 0.5441176295280457, 0.6764705777168274, 0.75, 0.5441176295280457, 0.6911764740943909, 0.6470588445663452, 0.27941176295280457, 0.6470588445663452, 0.3235294222831726, 0.3970588147640228, 0.6029411554336548, 0.7352941036224365]

