Modelo: ResNet34
Tempo de execução: 48.51012349128723
Loss: [0.7833458781242371, 0.5737431645393372, 0.4125475287437439, 0.3378536105155945, 0.24607980251312256, 0.21038533747196198, 0.22411607205867767, 0.4930153787136078, 0.3272826075553894, 0.18243679404258728, 0.13816247880458832, 0.10504110902547836, 0.05688323453068733, 0.21165050566196442, 0.07687293738126755, 0.10601683706045151, 0.030280467122793198, 0.011023660190403461, 0.003444698639214039]
Val_loss: [0.6216259002685547, 0.7988904714584351, 0.7888445258140564, 0.679198682308197, 1.639786958694458, 3.650416374206543, 10.76614761352539, 1.747342586517334, 0.4832717180252075, 0.6219568252563477, 2.096445083618164, 1.1103914976119995, 1.7939385175704956, 0.7615256309509277, 6.6394195556640625, 2.969953775405884, 1.550063967704773, 1.6667475700378418, 1.5950052738189697]
Accuracy: [0.5779221057891846, 0.7142857313156128, 0.8441558480262756, 0.8831169009208679, 0.9090909361839294, 0.9285714030265808, 0.9155844449996948, 0.7727272510528564, 0.8571428656578064, 0.9350649118423462, 0.9545454382896423, 0.9675324559211731, 0.9870129823684692, 0.9025974273681641, 0.9610389471054077, 0.9740259647369385, 0.9935064911842346, 1.0, 1.0]
Val_accuracy: [0.7058823704719543, 0.7058823704719543, 0.7058823704719543, 0.6176470518112183, 0.30882352590560913, 0.4117647111415863, 0.3235294222831726, 0.6176470518112183, 0.8088235259056091, 0.7647058963775635, 0.47058823704719543, 0.6029411554336548, 0.7352941036224365, 0.7058823704719543, 0.29411765933036804, 0.36764705181121826, 0.5, 0.7058823704719543, 0.6764705777168274]

