Modelo: ResNet34
Tempo de execução: 36.39422059059143
Loss: [0.7700924873352051, 0.6319019794464111, 0.5623264908790588, 0.45411089062690735, 0.42295581102371216, 0.30254465341567993, 0.37309491634368896, 0.25217244029045105, 0.23506052792072296, 0.14907382428646088, 0.19551509618759155, 0.18399624526500702, 0.17787466943264008]
Val_loss: [3.909588575363159, 65.36065673828125, 0.7219148278236389, 7.522800445556641, 4.202033996582031, 1.2734841108322144, 14.465263366699219, 0.7641252875328064, 1.824168086051941, 13.943421363830566, 1.7355785369873047, 2.9317286014556885, 1.4914366006851196]
Accuracy: [0.6298701167106628, 0.6428571343421936, 0.7272727489471436, 0.8311688303947449, 0.8116883039474487, 0.8701298832893372, 0.8246753215789795, 0.9155844449996948, 0.9155844449996948, 0.9610389471054077, 0.9155844449996948, 0.9350649118423462, 0.9350649118423462]
Val_accuracy: [0.29411765933036804, 0.29411765933036804, 0.7058823704719543, 0.29411765933036804, 0.5441176295280457, 0.6617646813392639, 0.29411765933036804, 0.75, 0.720588207244873, 0.45588234066963196, 0.6911764740943909, 0.6176470518112183, 0.6764705777168274]

