Modelo: ResNet152_trained
Tempo de execução: 351.6993052959442
Loss: [61.197357177734375, 0.7655935883522034, 0.6920416355133057, 0.652789294719696, 0.7131036520004272, 0.6994195580482483, 0.6573054790496826, 0.6505090594291687, 0.6481961607933044, 0.6843430399894714, 0.7540708184242249, 0.6463005542755127, 0.6439042687416077, 0.6404047012329102, 0.6314818859100342, 0.6093270778656006, 0.6136098504066467, 0.6831750273704529, 0.666840672492981, 0.6310991048812866, 0.6307172775268555, 0.6290687322616577, 0.6291441321372986, 0.6308615207672119, 0.6299700140953064, 0.6302244067192078, 0.6298518180847168]
Val_loss: [0.6904348731040955, 0.6912514567375183, 0.6868404150009155, 0.6824010610580444, 0.6868878602981567, 0.7521520853042603, 0.6738901138305664, 0.672113835811615, 0.681842029094696, 0.7026540040969849, 0.6935550570487976, 0.6835471987724304, 0.6767433881759644, 0.6906151175498962, 1.566454291343689, 0.7459810376167297, 0.65263831615448, 0.664767861366272, 0.6740919947624207, 0.6775724291801453, 0.6811388731002808, 0.6810287833213806, 0.6818972229957581, 0.6807572841644287, 0.6801366806030273, 0.6828665137290955, 0.6809103488922119]
Accuracy: [0.5597484111785889, 0.6729559898376465, 0.6666666865348816, 0.6792452931404114, 0.6603773832321167, 0.6415094137191772, 0.6792452931404114, 0.6792452931404114, 0.6792452931404114, 0.6729559898376465, 0.6603773832321167, 0.6792452931404114, 0.6792452931404114, 0.6792452931404114, 0.6792452931404114, 0.6792452931404114, 0.6666666865348816, 0.6540880799293518, 0.6792452931404114, 0.6792452931404114, 0.6792452931404114, 0.6792452931404114, 0.6792452931404114, 0.6792452931404114, 0.6792452931404114, 0.6792452931404114, 0.6792452931404114]
Val_accuracy: [0.6037735939025879, 0.6037735939025879, 0.6037735939025879, 0.6037735939025879, 0.6037735939025879, 0.3962264060974121, 0.6037735939025879, 0.6037735939025879, 0.6037735939025879, 0.6037735939025879, 0.49056604504585266, 0.6037735939025879, 0.6037735939025879, 0.6037735939025879, 0.6037735939025879, 0.6037735939025879, 0.6037735939025879, 0.6037735939025879, 0.6037735939025879, 0.5849056839942932, 0.5849056839942932, 0.5849056839942932, 0.5849056839942932, 0.5849056839942932, 0.5849056839942932, 0.5849056839942932, 0.5849056839942932]

