Modelo: ResNet152_trained
Tempo de execução: 185.64949870109558
Loss: [89.27352905273438, 0.7161957025527954, 0.7655345797538757, 0.669103741645813, 0.6747028827667236, 0.7261598110198975, 0.6926941275596619, 0.6576219797134399, 0.6534439325332642, 0.6583698987960815, 0.7315711975097656, 0.6447361707687378]
Val_loss: [0.6749659776687622, 0.6714779734611511, 0.6776546239852905, 0.6721125841140747, 0.6747735738754272, 0.6793673634529114, 0.6814180016517639, 0.6757708191871643, 0.6722919344902039, 0.6865220069885254, 0.7175604104995728, 0.6752083897590637]
Accuracy: [0.6415094137191772, 0.6792452931404114, 0.6729559898376465, 0.6792452931404114, 0.6603773832321167, 0.6729559898376465, 0.6603773832321167, 0.6540880799293518, 0.6603773832321167, 0.6540880799293518, 0.7232704162597656, 0.6792452931404114]
Val_accuracy: [0.6037735939025879, 0.6037735939025879, 0.6037735939025879, 0.6037735939025879, 0.6037735939025879, 0.6037735939025879, 0.6037735939025879, 0.6037735939025879, 0.6037735939025879, 0.6037735939025879, 0.6037735939025879, 0.6037735939025879]

