Modelo: ResNet152_trained
Tempo de execução: 305.70332765579224
Loss: [17.10877227783203, 0.681072473526001, 0.779822587966919, 0.6957622766494751, 0.656222403049469, 0.6572041511535645, 0.6412100791931152, 0.6599688529968262, 0.6335355639457703, 0.9684270620346069, 0.6509604454040527, 0.6364631652832031, 0.6573677062988281, 0.637351393699646, 0.6301915049552917, 0.6291005611419678, 0.6307178139686584, 0.630273163318634, 0.629442572593689, 0.6307146549224854, 0.6298425793647766, 0.6300297379493713, 0.6306937336921692]
Val_loss: [0.6756988167762756, 0.6731292605400085, 0.672044575214386, 0.6804893016815186, 0.6760194301605225, 0.6735360622406006, 0.6709755063056946, 0.6714528799057007, 0.6713472008705139, 0.6899875998497009, 0.6716465950012207, 0.7255986928939819, 0.6698614954948425, 0.6813767552375793, 0.6817813515663147, 0.6782110929489136, 0.6859460473060608, 0.6823729872703552, 0.6877139806747437, 0.6808968782424927, 0.6805956959724426, 0.6868190169334412, 0.6843643188476562]
Accuracy: [0.553459107875824, 0.6792452931404114, 0.6603773832321167, 0.6792452931404114, 0.6792452931404114, 0.6792452931404114, 0.6792452931404114, 0.6415094137191772, 0.6792452931404114, 0.6540880799293518, 0.6792452931404114, 0.6792452931404114, 0.6792452931404114, 0.6792452931404114, 0.6792452931404114, 0.6792452931404114, 0.6792452931404114, 0.6792452931404114, 0.6792452931404114, 0.6792452931404114, 0.6792452931404114, 0.6792452931404114, 0.6792452931404114]
Val_accuracy: [0.6037735939025879, 0.6037735939025879, 0.6037735939025879, 0.6037735939025879, 0.6037735939025879, 0.6037735939025879, 0.6037735939025879, 0.6037735939025879, 0.6037735939025879, 0.6037735939025879, 0.6037735939025879, 0.6037735939025879, 0.6037735939025879, 0.6037735939025879, 0.6037735939025879, 0.6037735939025879, 0.6037735939025879, 0.6037735939025879, 0.6037735939025879, 0.6037735939025879, 0.6037735939025879, 0.6037735939025879, 0.6037735939025879]

