Modelo: ResNet152_trained
Tempo de execução: 312.16248846054077
Loss: [30.36406707763672, 0.7492381930351257, 0.6840899586677551, 0.7202551364898682, 0.6682642102241516, 0.7418532371520996, 0.7005382776260376, 0.6800910830497742, 0.6487684845924377, 0.6494397521018982, 0.6417773365974426, 0.6579488515853882, 0.6465657949447632, 0.6633865833282471, 0.70306396484375, 0.7120600938796997, 0.6389292478561401, 0.7975654602050781, 0.7000269889831543, 0.6338829398155212, 0.6296979188919067, 0.6300653219223022, 0.6288666725158691, 0.629408061504364]
Val_loss: [0.6806067824363708, 0.8238808512687683, 0.6790224313735962, 0.6716989278793335, 0.6719432473182678, 0.6886609196662903, 0.7143959999084473, 0.6742408275604248, 0.6701160669326782, 0.6695210933685303, 0.879334568977356, 1.0390957593917847, 0.9027849435806274, 0.6578741073608398, 0.6737434267997742, 0.697452187538147, 0.766427755355835, 0.6832614541053772, 0.6739813685417175, 0.6780673861503601, 0.6829140186309814, 0.6869632601737976, 0.6832759976387024, 0.683950662612915]
Accuracy: [0.5911949872970581, 0.6289308071136475, 0.6792452931404114, 0.6792452931404114, 0.6792452931404114, 0.6792452931404114, 0.6729559898376465, 0.6666666865348816, 0.6792452931404114, 0.6729559898376465, 0.7106918096542358, 0.6729559898376465, 0.6792452931404114, 0.6855345964431763, 0.6226415038108826, 0.6540880799293518, 0.6729559898376465, 0.6666666865348816, 0.6477987170219421, 0.6792452931404114, 0.6792452931404114, 0.6792452931404114, 0.6792452931404114, 0.6792452931404114]
Val_accuracy: [0.6037735939025879, 0.6037735939025879, 0.6037735939025879, 0.6037735939025879, 0.6037735939025879, 0.6037735939025879, 0.3962264060974121, 0.6037735939025879, 0.6037735939025879, 0.6037735939025879, 0.6037735939025879, 0.6037735939025879, 0.6037735939025879, 0.6037735939025879, 0.6037735939025879, 0.3396226465702057, 0.6037735939025879, 0.6037735939025879, 0.6037735939025879, 0.6037735939025879, 0.6037735939025879, 0.6037735939025879, 0.6037735939025879, 0.6037735939025879]

