Modelo: ResNet152_trained
Tempo de execução: 316.3385851383209
Loss: [19.42778778076172, 0.6893482208251953, 0.6645331978797913, 0.6544090509414673, 0.7625992894172668, 0.6723781824111938, 0.7312221527099609, 0.6875198483467102, 0.6443406343460083, 0.6513392925262451, 0.6282783150672913, 0.6245645880699158, 0.606282651424408, 0.6750004291534424, 0.6564281582832336, 0.7027931213378906, 0.6763057708740234, 0.6782006621360779, 0.6552108526229858, 0.6373170018196106, 0.6870428323745728, 0.7388074398040771, 0.644889235496521]
Val_loss: [0.6779296398162842, 0.6765140891075134, 0.6758794784545898, 0.6717214584350586, 0.6863945126533508, 0.6765047311782837, 0.6722044348716736, 0.6715808510780334, 0.6731950044631958, 0.670974612236023, 0.6615532636642456, 0.6877719163894653, 0.6459263563156128, 0.9216384887695312, 0.6706376075744629, 1.6995187997817993, 0.705276608467102, 0.6662600040435791, 0.6697692275047302, 0.6683977842330933, 0.6663335561752319, 0.8827246427536011, 0.670158863067627]
Accuracy: [0.6100628972053528, 0.6792452931404114, 0.6729559898376465, 0.6792452931404114, 0.6352201104164124, 0.6415094137191772, 0.6792452931404114, 0.6666666865348816, 0.6792452931404114, 0.6792452931404114, 0.6792452931404114, 0.6918238997459412, 0.6792452931404114, 0.6477987170219421, 0.6666666865348816, 0.6603773832321167, 0.6792452931404114, 0.6729559898376465, 0.6792452931404114, 0.6792452931404114, 0.6603773832321167, 0.6855345964431763, 0.6729559898376465]
Val_accuracy: [0.6037735939025879, 0.6037735939025879, 0.6037735939025879, 0.6037735939025879, 0.6037735939025879, 0.6037735939025879, 0.6037735939025879, 0.6037735939025879, 0.6037735939025879, 0.6037735939025879, 0.6037735939025879, 0.6037735939025879, 0.6037735939025879, 0.6037735939025879, 0.6037735939025879, 0.6037735939025879, 0.6037735939025879, 0.6037735939025879, 0.6037735939025879, 0.6037735939025879, 0.6037735939025879, 0.3962264060974121, 0.6037735939025879]

