Modelo: ResNet152_trained
Tempo de execução: 234.68763399124146
Loss: [36.34443664550781, 0.8008527159690857, 0.6417323350906372, 0.659142255783081, 0.6477681398391724, 0.6357018947601318, 0.6563812494277954, 0.7877609729766846, 0.6286731362342834, 0.7968266606330872, 0.7855525612831116, 0.6382480263710022, 0.6843315958976746, 0.6461136341094971, 0.6158483028411865, 0.6118381023406982]
Val_loss: [0.6839446425437927, 0.6775050163269043, 0.6840103268623352, 0.674206018447876, 0.6740841269493103, 0.6716554164886475, 0.6776087880134583, 0.6741480827331543, 0.8110257387161255, 0.7044842839241028, 0.6750806570053101, 0.6808090806007385, 1.0708461999893188, 0.7229111194610596, 0.9133340120315552, 1.021020531654358]
Accuracy: [0.6603773832321167, 0.6729559898376465, 0.6792452931404114, 0.6729559898376465, 0.6792452931404114, 0.6792452931404114, 0.6415094137191772, 0.6540880799293518, 0.6666666865348816, 0.597484290599823, 0.6352201104164124, 0.6792452931404114, 0.6603773832321167, 0.6792452931404114, 0.6792452931404114, 0.6792452931404114]
Val_accuracy: [0.6037735939025879, 0.6037735939025879, 0.6037735939025879, 0.6037735939025879, 0.6037735939025879, 0.6037735939025879, 0.6037735939025879, 0.6037735939025879, 0.6037735939025879, 0.3962264060974121, 0.6037735939025879, 0.6037735939025879, 0.6037735939025879, 0.6037735939025879, 0.6037735939025879, 0.6037735939025879]

