Modelo: ResNet152_trained
Tempo de execução: 180.3045837879181
Loss: [16.13191795349121, 0.684103786945343, 0.6528978943824768, 0.7559356689453125, 0.6909045577049255, 0.6724646091461182, 0.7038474678993225, 0.6483228802680969, 0.669888973236084, 0.6123970150947571, 0.6797552108764648]
Val_loss: [0.6721388101577759, 0.6836003065109253, 0.759358823299408, 0.8640597462654114, 0.6817676424980164, 0.6718271970748901, 0.68128502368927, 0.6718042492866516, 0.6734411716461182, 0.6749582290649414, 0.6861344575881958]
Accuracy: [0.6289308071136475, 0.6603773832321167, 0.6792452931404114, 0.6352201104164124, 0.6729559898376465, 0.6666666865348816, 0.6666666865348816, 0.6792452931404114, 0.6792452931404114, 0.6666666865348816, 0.6792452931404114]
Val_accuracy: [0.6037735939025879, 0.6037735939025879, 0.6037735939025879, 0.6037735939025879, 0.6037735939025879, 0.6037735939025879, 0.6037735939025879, 0.6037735939025879, 0.6037735939025879, 0.6037735939025879, 0.6037735939025879]

