Modelo: ResNet152_trained
Tempo de execução: 370.180260181427
Loss: [66.61613464355469, 0.7096765041351318, 0.6576342582702637, 0.6667616963386536, 0.6687155961990356, 0.6309596300125122, 0.6554685831069946, 0.6994844079017639, 0.6609064936637878, 0.6791881918907166, 0.6393833756446838, 0.6379831433296204, 0.6445904970169067, 0.6666175127029419, 0.6434649229049683, 0.638590395450592, 0.6801305413246155, 0.688410758972168, 0.8096862435340881, 0.6641343235969543, 0.6536858677864075, 0.6488397717475891, 0.661411464214325, 0.6429697871208191, 0.7055878043174744, 0.6450706124305725, 0.6296241283416748, 0.7208624482154846]
Val_loss: [0.696627140045166, 0.7037906050682068, 0.7260652780532837, 0.6860066056251526, 0.6853221654891968, 0.6861824989318848, 0.684023380279541, 0.6910918354988098, 0.6829788684844971, 0.6857500076293945, 0.6819010972976685, 0.9725375771522522, 0.6897174715995789, 0.6767164468765259, 0.6723189949989319, 0.674267053604126, 0.6800394058227539, 0.656059205532074, 0.6727503538131714, 0.68021160364151, 0.6941073536872864, 0.6718618273735046, 0.6762539744377136, 0.684127926826477, 0.6687581539154053, 0.6852730512619019, 0.6869271397590637, 3.23980975151062]
Accuracy: [0.6289308071136475, 0.6226415038108826, 0.6729559898376465, 0.6540880799293518, 0.6792452931404114, 0.6666666865348816, 0.6729559898376465, 0.6540880799293518, 0.6603773832321167, 0.6792452931404114, 0.6729559898376465, 0.6729559898376465, 0.6540880799293518, 0.6477987170219421, 0.6603773832321167, 0.6792452931404114, 0.6729559898376465, 0.6603773832321167, 0.6666666865348816, 0.6666666865348816, 0.6792452931404114, 0.6792452931404114, 0.6729559898376465, 0.6792452931404114, 0.6603773832321167, 0.6666666865348816, 0.6792452931404114, 0.6666666865348816]
Val_accuracy: [0.3962264060974121, 0.3962264060974121, 0.3962264060974121, 0.6037735939025879, 0.6037735939025879, 0.6037735939025879, 0.6037735939025879, 0.6037735939025879, 0.6037735939025879, 0.6037735939025879, 0.6226415038108826, 0.6037735939025879, 0.5471698045730591, 0.6037735939025879, 0.6037735939025879, 0.6037735939025879, 0.6037735939025879, 0.6037735939025879, 0.6037735939025879, 0.6037735939025879, 0.5849056839942932, 0.6037735939025879, 0.6037735939025879, 0.6037735939025879, 0.6037735939025879, 0.6037735939025879, 0.6037735939025879, 0.6037735939025879]

