Modelo: ResNet34
Tempo de execução: 36.07629752159119
Loss: [0.9704664945602417, 0.8776397705078125, 0.7237575054168701, 0.7887006402015686, 0.8023687601089478, 0.7549288272857666, 0.7800557017326355, 0.6915432810783386, 0.6741803884506226, 0.8113804459571838, 0.5797732472419739, 0.6095787286758423, 0.6470597386360168]
Val_loss: [0.7197147011756897, 2.235323667526245, 0.6108286380767822, 0.6593667268753052, 10.24506664276123, 25.066469192504883, 93.55640411376953, 3.8717026710510254, 13.491801261901855, 2.467831611633301, 5.452895641326904, 5.385329246520996, 2.3202269077301025]
Accuracy: [0.5723270177841187, 0.5723270177841187, 0.597484290599823, 0.6352201104164124, 0.6415094137191772, 0.6415094137191772, 0.553459107875824, 0.6603773832321167, 0.6163522005081177, 0.5723270177841187, 0.7169811129570007, 0.7358490824699402, 0.6729559898376465]
Val_accuracy: [0.2830188572406769, 0.2830188572406769, 0.7169811129570007, 0.7547169923782349, 0.7169811129570007, 0.7169811129570007, 0.7169811129570007, 0.7169811129570007, 0.7169811129570007, 0.49056604504585266, 0.698113203048706, 0.49056604504585266, 0.6415094137191772]

