Modelo: ResNet34
Tempo de execução: 32.06920003890991
Loss: [0.978671669960022, 0.7612517476081848, 0.6797818541526794, 0.6201880574226379, 0.601580798625946, 0.5470371246337891, 0.584026575088501, 0.6038540005683899, 0.6660960912704468, 0.5832059979438782, 0.5846974849700928]
Val_loss: [0.6285532712936401, 0.8034226894378662, 11.081550598144531, 1.1057178974151611, 2.245049476623535, 3.8638665676116943, 4.495450496673584, 33.744232177734375, 2.6355440616607666, 34.014713287353516, 23.26905632019043]
Accuracy: [0.5911949872970581, 0.6289308071136475, 0.6603773832321167, 0.6415094137191772, 0.7106918096542358, 0.74842768907547, 0.7232704162597656, 0.7295597195625305, 0.74842768907547, 0.7358490824699402, 0.7232704162597656]
Val_accuracy: [0.7169811129570007, 0.7169811129570007, 0.2830188572406769, 0.7358490824699402, 0.6037735939025879, 0.6037735939025879, 0.49056604504585266, 0.2830188572406769, 0.6603773832321167, 0.3396226465702057, 0.4150943458080292]

