Modelo: ResNet34
Tempo de execução: 35.92723560333252
Loss: [0.9687751531600952, 0.9012331366539001, 0.7518687844276428, 0.9006208777427673, 0.67965167760849, 0.6463689804077148, 0.6899301409721375, 0.748781681060791, 0.6419846415519714, 0.5996794104576111, 0.5749837756156921, 0.6949584484100342, 0.6557990312576294]
Val_loss: [0.6003870964050293, 0.7731356620788574, 0.5958228707313538, 4.522260665893555, 12.914033889770508, 34.661895751953125, 15.443343162536621, 5.921625137329102, 6.156538486480713, 41.400306701660156, 13.720149040222168, 23.36715316772461, 6.021337509155273]
Accuracy: [0.5597484111785889, 0.5911949872970581, 0.5597484111785889, 0.5471698045730591, 0.6289308071136475, 0.6477987170219421, 0.6352201104164124, 0.6603773832321167, 0.6855345964431763, 0.7106918096542358, 0.7232704162597656, 0.6792452931404114, 0.6603773832321167]
Val_accuracy: [0.7169811129570007, 0.2830188572406769, 0.7169811129570007, 0.7169811129570007, 0.6603773832321167, 0.6037735939025879, 0.7169811129570007, 0.6603773832321167, 0.6226415038108826, 0.6415094137191772, 0.4716981053352356, 0.698113203048706, 0.6037735939025879]

