Modelo: ResNet34
Tempo de execução: 53.00126051902771
Loss: [1.1168286800384521, 0.8909018635749817, 0.8124257326126099, 0.8022419810295105, 0.6674463152885437, 0.6258693337440491, 0.5951448082923889, 0.6924309730529785, 0.5754942893981934, 0.5745389461517334, 0.5324575304985046, 0.4938432276248932, 0.6506582498550415, 0.636993408203125, 0.48018795251846313, 0.46711429953575134, 0.4402673542499542, 0.3870171308517456, 0.47175124287605286, 0.39290449023246765, 0.47487083077430725]
Val_loss: [1.512438178062439, 0.66390460729599, 1.0256061553955078, 0.8419709801673889, 4.948653221130371, 1.686631679534912, 1.0183011293411255, 0.756250262260437, 0.7662322521209717, 8.525506019592285, 0.6061493754386902, 4.809924602508545, 18.825237274169922, 1.0136853456497192, 1.2417396306991577, 1.5391124486923218, 3.136329174041748, 1.2278188467025757, 2.606903553009033, 1.672479271888733, 3.1523196697235107]
Accuracy: [0.597484290599823, 0.6037735939025879, 0.5911949872970581, 0.5597484111785889, 0.6352201104164124, 0.6855345964431763, 0.704402506351471, 0.6918238997459412, 0.7295597195625305, 0.7169811129570007, 0.7610062956809998, 0.7672955989837646, 0.7358490824699402, 0.6918238997459412, 0.8176100850105286, 0.8238993883132935, 0.8301886916160583, 0.8553459048271179, 0.8364779949188232, 0.8301886916160583, 0.8113207817077637]
Val_accuracy: [0.2830188572406769, 0.7169811129570007, 0.2830188572406769, 0.35849055647850037, 0.3962264060974121, 0.698113203048706, 0.5849056839942932, 0.7547169923782349, 0.6603773832321167, 0.2830188572406769, 0.7735849022865295, 0.4528301954269409, 0.2830188572406769, 0.6037735939025879, 0.5094339847564697, 0.5660377144813538, 0.49056604504585266, 0.698113203048706, 0.4150943458080292, 0.35849055647850037, 0.7169811129570007]

