Modelo: ResNet34
Tempo de execução: 89.00205850601196
Loss: [0.9274243712425232, 0.8056573271751404, 0.8813753724098206, 0.7213332653045654, 0.6878789067268372, 0.6493615508079529, 0.7271379828453064, 0.7631592750549316, 0.7223306894302368, 0.6735416054725647, 0.8406811356544495, 0.8028947710990906, 0.717939555644989, 0.726188063621521, 0.6758491396903992, 0.5755282044410706, 0.6499081254005432, 0.6337748169898987, 0.5688358545303345, 0.5568805932998657, 0.5504903793334961, 0.5041165947914124, 0.5913645625114441, 0.5053694844245911, 0.5295282006263733, 0.557627260684967, 0.46322858333587646, 0.5264984965324402, 0.47494587302207947, 0.44918200373649597, 0.5474149584770203, 0.4300168454647064, 0.4383617043495178, 0.4324442446231842, 0.45343056321144104, 0.41594529151916504, 0.29940831661224365]
Val_loss: [129.41510009765625, 237.60023498535156, 114.54513549804688, 7.492096900939941, 12.5147705078125, 1.267079472541809, 68.13086700439453, 11.050558090209961, 1.3802076578140259, 22.558380126953125, 0.8894201517105103, 0.8148317933082581, 0.8573676347732544, 4.012853622436523, 1.1656471490859985, 7.7580952644348145, 2.383727788925171, 0.8126258850097656, 0.6770422458648682, 2.3202672004699707, 1.1454288959503174, 1.3743757009506226, 2.126254081726074, 1.8769862651824951, 0.8410046696662903, 2.829169511795044, 0.6243675351142883, 0.7417834401130676, 1.4820959568023682, 1.4160712957382202, 0.7517508864402771, 1.0582963228225708, 0.8596988916397095, 1.541279673576355, 1.3387736082077026, 0.967136025428772, 0.7884900569915771]
Accuracy: [0.5911949872970581, 0.6163522005081177, 0.5157232880592346, 0.6477987170219421, 0.6603773832321167, 0.7106918096542358, 0.6415094137191772, 0.5283018946647644, 0.6037735939025879, 0.6289308071136475, 0.553459107875824, 0.5471698045730591, 0.6100628972053528, 0.6415094137191772, 0.6666666865348816, 0.6855345964431763, 0.6855345964431763, 0.7169811129570007, 0.7421383857727051, 0.7610062956809998, 0.7861635088920593, 0.7861635088920593, 0.7295597195625305, 0.7358490824699402, 0.7421383857727051, 0.7358490824699402, 0.7924528121948242, 0.74842768907547, 0.7672955989837646, 0.7987421154975891, 0.7672955989837646, 0.8364779949188232, 0.8176100850105286, 0.8301886916160583, 0.7987421154975891, 0.8553459048271179, 0.8616352081298828]
Val_accuracy: [0.2830188572406769, 0.7169811129570007, 0.7169811129570007, 0.7358490824699402, 0.7547169923782349, 0.7169811129570007, 0.7169811129570007, 0.6037735939025879, 0.24528302252292633, 0.7169811129570007, 0.37735849618911743, 0.7547169923782349, 0.4150943458080292, 0.7358490824699402, 0.5094339847564697, 0.2830188572406769, 0.698113203048706, 0.5094339847564697, 0.6037735939025879, 0.698113203048706, 0.7358490824699402, 0.6603773832321167, 0.698113203048706, 0.698113203048706, 0.7169811129570007, 0.7169811129570007, 0.6792452931404114, 0.6037735939025879, 0.7547169923782349, 0.6226415038108826, 0.6415094137191772, 0.6226415038108826, 0.5471698045730591, 0.5283018946647644, 0.49056604504585266, 0.5849056839942932, 0.6226415038108826]

