Modelo: ResNet34
Tempo de execução: 75.52433061599731
Loss: [1.0293569564819336, 0.9208458662033081, 0.8164235353469849, 0.8675141930580139, 0.778572678565979, 0.7275524735450745, 0.7830505967140198, 0.7169069647789001, 0.685555636882782, 0.6875817775726318, 0.7839935421943665, 0.7925483584403992, 0.7809971570968628, 0.6913231611251831, 0.7087881565093994, 0.7118282914161682, 0.705086350440979, 0.7128713130950928, 0.6935673356056213, 0.5984491109848022, 0.7188519239425659, 0.6496531367301941, 0.5717501640319824, 0.5761241912841797, 0.7912306785583496, 0.6662794947624207, 0.6608430743217468, 0.580375075340271, 0.622464656829834, 0.6291235685348511, 0.5931275486946106]
Val_loss: [1.8408035039901733, 1.001273274421692, 1.1896766424179077, 8.316889762878418, 2.4754855632781982, 3.5107200145721436, 0.8384565114974976, 2.357717514038086, 4.541487216949463, 0.7133889198303223, 0.7317956686019897, 0.8796151876449585, 33.91537094116211, 0.6941688656806946, 0.7787014842033386, 0.7587142586708069, 14.041680335998535, 1.919846773147583, 0.6420427560806274, 2.6566624641418457, 0.5254168510437012, 1.4644263982772827, 1.6594752073287964, 90.6749496459961, 1.5128153562545776, 1.0207629203796387, 0.5568194389343262, 0.5990644693374634, 0.5946301221847534, 0.6073519587516785, 0.5345268845558167]
Accuracy: [0.5597484111785889, 0.5408805012702942, 0.5723270177841187, 0.5345911979675293, 0.6415094137191772, 0.6037735939025879, 0.5345911979675293, 0.6540880799293518, 0.6226415038108826, 0.6729559898376465, 0.553459107875824, 0.5911949872970581, 0.5660377144813538, 0.6666666865348816, 0.6226415038108826, 0.5911949872970581, 0.6540880799293518, 0.5723270177841187, 0.6540880799293518, 0.6666666865348816, 0.6603773832321167, 0.6226415038108826, 0.698113203048706, 0.704402506351471, 0.5911949872970581, 0.6792452931404114, 0.6540880799293518, 0.704402506351471, 0.704402506351471, 0.6540880799293518, 0.7106918096542358]
Val_accuracy: [0.7169811129570007, 0.7169811129570007, 0.7169811129570007, 0.3207547068595886, 0.3396226465702057, 0.2830188572406769, 0.6792452931404114, 0.2830188572406769, 0.7169811129570007, 0.7169811129570007, 0.6415094137191772, 0.7169811129570007, 0.7169811129570007, 0.7169811129570007, 0.2830188572406769, 0.7169811129570007, 0.2830188572406769, 0.30188679695129395, 0.5849056839942932, 0.2830188572406769, 0.7358490824699402, 0.7169811129570007, 0.4716981053352356, 0.2830188572406769, 0.7169811129570007, 0.2830188572406769, 0.7169811129570007, 0.698113203048706, 0.698113203048706, 0.7358490824699402, 0.7358490824699402]

