Modelo: ResNet34
Tempo de execução: 38.791433572769165
Loss: [1.048770785331726, 0.7909696102142334, 0.8308995366096497, 0.8009599447250366, 0.6773080229759216, 0.7045049071311951, 0.6359714269638062, 0.7034791707992554, 0.7140141725540161, 0.721839427947998, 0.6559444069862366, 0.5619117021560669, 0.6479429006576538, 0.5989437103271484]
Val_loss: [1.054182529449463, 1.1377878189086914, 0.9380684494972229, 0.826312243938446, 1.7706083059310913, 4.35213565826416, 16.668506622314453, 2.7366597652435303, 93.82112121582031, 83.41040802001953, 5.737041473388672, 1.7223931550979614, 1.6094673871994019, 4.052830219268799]
Accuracy: [0.5911949872970581, 0.5786163806915283, 0.6163522005081177, 0.5786163806915283, 0.6415094137191772, 0.6603773832321167, 0.6540880799293518, 0.6415094137191772, 0.6603773832321167, 0.6163522005081177, 0.6855345964431763, 0.7547169923782349, 0.7106918096542358, 0.704402506351471]
Val_accuracy: [0.7169811129570007, 0.7169811129570007, 0.7169811129570007, 0.698113203048706, 0.5660377144813538, 0.5660377144813538, 0.37735849618911743, 0.7169811129570007, 0.7169811129570007, 0.7169811129570007, 0.5283018946647644, 0.7169811129570007, 0.7547169923782349, 0.4528301954269409]

