Modelo: ResNet34
Tempo de execução: 36.27706336975098
Loss: [1.0485590696334839, 0.8468198180198669, 0.7197100520133972, 0.6849218606948853, 0.8000946640968323, 0.7008193731307983, 0.7387074828147888, 0.7824610471725464, 0.669231116771698, 0.7401595115661621, 0.6559789776802063, 0.6865497827529907, 0.7317379117012024]
Val_loss: [0.9169912338256836, 1.046282410621643, 0.601736307144165, 0.6836540699005127, 1.0389645099639893, 0.9307830333709717, 25.519302368164062, 1.66884446144104, 11.876078605651855, 1.929550290107727, 1.4888015985488892, 0.6361010074615479, 2.700050115585327]
Accuracy: [0.5723270177841187, 0.6037735939025879, 0.6477987170219421, 0.6163522005081177, 0.5849056839942932, 0.6415094137191772, 0.6037735939025879, 0.6163522005081177, 0.6100628972053528, 0.6352201104164124, 0.6918238997459412, 0.6603773832321167, 0.6415094137191772]
Val_accuracy: [0.2830188572406769, 0.2830188572406769, 0.7169811129570007, 0.7169811129570007, 0.698113203048706, 0.6037735939025879, 0.7169811129570007, 0.4528301954269409, 0.7169811129570007, 0.7169811129570007, 0.7358490824699402, 0.7169811129570007, 0.7169811129570007]

