Modelo: ResNet34
Tempo de execução: 53.56499648094177
Loss: [1.1619887351989746, 0.9133139848709106, 0.8655507564544678, 0.6959884166717529, 0.7401094436645508, 0.7533836364746094, 0.7688981890678406, 0.6541491746902466, 0.7072091102600098, 0.5110424160957336, 0.6196130514144897, 0.6141453385353088, 0.5326903462409973, 0.5690906643867493, 0.5419567227363586, 0.4752516746520996, 0.510252058506012, 0.4924214780330658, 0.4132160544395447, 0.37817567586898804, 0.36392495036125183]
Val_loss: [8.68058967590332, 0.6080968379974365, 4.955965995788574, 1.2808599472045898, 3.6670823097229004, 0.6711995005607605, 6.397097110748291, 4.981616497039795, 1.2222414016723633, 3.013580799102783, 0.45973536372184753, 1.6477690935134888, 0.9927350282669067, 0.7611541748046875, 1.314666748046875, 2.039100408554077, 1.4626268148422241, 2.1798768043518066, 3.5048694610595703, 1.7520776987075806, 1.4398207664489746]
Accuracy: [0.6289308071136475, 0.553459107875824, 0.5597484111785889, 0.6415094137191772, 0.5911949872970581, 0.5849056839942932, 0.6100628972053528, 0.6352201104164124, 0.6352201104164124, 0.7672955989837646, 0.704402506351471, 0.6792452931404114, 0.7169811129570007, 0.7610062956809998, 0.7295597195625305, 0.7924528121948242, 0.7924528121948242, 0.7861635088920593, 0.849056601524353, 0.8553459048271179, 0.8805031180381775]
Val_accuracy: [0.2830188572406769, 0.7169811129570007, 0.7169811129570007, 0.7169811129570007, 0.30188679695129395, 0.6792452931404114, 0.35849055647850037, 0.2641509473323822, 0.2641509473323822, 0.3396226465702057, 0.7547169923782349, 0.49056604504585266, 0.6415094137191772, 0.6603773832321167, 0.5283018946647644, 0.5471698045730591, 0.5660377144813538, 0.5094339847564697, 0.4528301954269409, 0.5471698045730591, 0.6792452931404114]

