Modelo: ResNet34
Tempo de execução: 34.619319915771484
Loss: [1.1521456241607666, 0.9413504004478455, 0.778550922870636, 0.6695974469184875, 0.7341545820236206, 0.6229805946350098, 0.6748315691947937, 0.6442732214927673, 0.6067613363265991, 0.6154602766036987, 0.5456022620201111, 0.5528103709220886]
Val_loss: [0.7623075842857361, 0.6540157198905945, 0.8730076551437378, 41.43308639526367, 5.946051120758057, 8.74851131439209, 13.502923011779785, 9.608388900756836, 2.5268290042877197, 3.9221527576446533, 2.7908759117126465, 2.426628351211548]
Accuracy: [0.5283018946647644, 0.5345911979675293, 0.6100628972053528, 0.6477987170219421, 0.6100628972053528, 0.704402506351471, 0.6477987170219421, 0.7358490824699402, 0.704402506351471, 0.7232704162597656, 0.7421383857727051, 0.7232704162597656]
Val_accuracy: [0.7169811129570007, 0.7169811129570007, 0.7169811129570007, 0.2830188572406769, 0.4528301954269409, 0.7169811129570007, 0.4150943458080292, 0.4528301954269409, 0.5849056839942932, 0.5283018946647644, 0.7169811129570007, 0.6037735939025879]

