Modelo: ResNet34
Tempo de execução: 31.47612690925598
Loss: [1.1285476684570312, 0.9570845365524292, 0.8667756915092468, 0.8019157648086548, 0.7691205739974976, 0.7075001001358032, 0.7489947080612183, 0.759503960609436, 0.7592028975486755, 0.7177860736846924, 0.7029792070388794]
Val_loss: [0.604920506477356, 1.0920326709747314, 1.1492631435394287, 0.6205914616584778, 1.547631859779358, 0.7611915469169617, 62.030723571777344, 0.655067503452301, 70.62799835205078, 2.2631173133850098, 0.9442725777626038]
Accuracy: [0.574999988079071, 0.5375000238418579, 0.6312500238418579, 0.612500011920929, 0.550000011920929, 0.6312500238418579, 0.543749988079071, 0.59375, 0.5874999761581421, 0.5375000238418579, 0.625]
Val_accuracy: [0.7169811129570007, 0.7169811129570007, 0.6792452931404114, 0.7169811129570007, 0.7169811129570007, 0.698113203048706, 0.2830188572406769, 0.6226415038108826, 0.30188679695129395, 0.7547169923782349, 0.7735849022865295]

