Modelo: ResNet34
Tempo de execução: 47.67205309867859
Loss: [1.0059893131256104, 0.775794267654419, 0.7874374985694885, 0.7742831707000732, 0.6602694392204285, 0.6792659163475037, 0.6303735971450806, 0.5760834813117981, 0.5338382124900818, 0.5461475253105164, 0.5255058407783508, 0.4959622323513031, 0.4391394257545471, 0.36216408014297485, 0.37703368067741394, 0.3565945625305176, 0.37212908267974854, 0.4402801990509033]
Val_loss: [0.7707311511039734, 0.6394038200378418, 2.858408212661743, 24.378021240234375, 2.124216079711914, 14.200034141540527, 0.6548613905906677, 0.5274623036384583, 0.7336623072624207, 0.72597736120224, 0.996631920337677, 1.043266773223877, 0.7426416873931885, 1.463005781173706, 0.7552798986434937, 1.4645828008651733, 0.7630305886268616, 1.8637681007385254]
Accuracy: [0.550000011920929, 0.6187499761581421, 0.625, 0.6000000238418579, 0.706250011920929, 0.6875, 0.7250000238418579, 0.7250000238418579, 0.7749999761581421, 0.7749999761581421, 0.75, 0.7749999761581421, 0.824999988079071, 0.856249988079071, 0.8500000238418579, 0.862500011920929, 0.84375, 0.831250011920929]
Val_accuracy: [0.7169811129570007, 0.7169811129570007, 0.7169811129570007, 0.7169811129570007, 0.7169811129570007, 0.7169811129570007, 0.7169811129570007, 0.7735849022865295, 0.6415094137191772, 0.7169811129570007, 0.6792452931404114, 0.6415094137191772, 0.7547169923782349, 0.6603773832321167, 0.6603773832321167, 0.5094339847564697, 0.6792452931404114, 0.7358490824699402]

