Modelo: ResNet34
Tempo de execução: 39.21009826660156
Loss: [0.9305217862129211, 0.8689284324645996, 0.7482476234436035, 0.7061392068862915, 0.6899882555007935, 0.6928221583366394, 0.6084550619125366, 0.5656653642654419, 0.5851167440414429, 0.4742392897605896, 0.5400335788726807, 0.5177173018455505, 0.4268341660499573, 0.44605451822280884]
Val_loss: [1.1333307027816772, 1.0992423295974731, 0.7302880883216858, 0.5774399638175964, 20.559537887573242, 15.384590148925781, 4.867955684661865, 3.787071466445923, 1.6108649969100952, 11.790349006652832, 1.1899921894073486, 1.016344666481018, 3.5402731895446777, 29.01064109802246]
Accuracy: [0.606249988079071, 0.543749988079071, 0.625, 0.612500011920929, 0.675000011920929, 0.6875, 0.731249988079071, 0.762499988079071, 0.6937500238418579, 0.8125, 0.7749999761581421, 0.78125, 0.8125, 0.8187500238418579]
Val_accuracy: [0.7169811129570007, 0.7169811129570007, 0.7169811129570007, 0.7547169923782349, 0.6792452931404114, 0.5094339847564697, 0.6415094137191772, 0.7547169923782349, 0.5660377144813538, 0.3396226465702057, 0.6037735939025879, 0.5849056839942932, 0.4528301954269409, 0.30188679695129395]

