Modelo: ResNet34
Tempo de execução: 49.27110433578491
Loss: [1.0259430408477783, 0.8219647407531738, 0.7027482986450195, 0.749363124370575, 0.6057838201522827, 0.7272458672523499, 0.7499347925186157, 0.6285192370414734, 0.5921609401702881, 0.5997342467308044, 0.6280034780502319, 0.7644556164741516, 0.7214208245277405, 0.7607183456420898, 0.7338822484016418, 0.7369154095649719, 0.6557344198226929, 0.6374403834342957, 0.5579711198806763]
Val_loss: [0.8823946714401245, 0.7199845314025879, 0.7427181005477905, 4.5807294845581055, 2.7482831478118896, 1.4276416301727295, 6.120238304138184, 16.56346893310547, 0.5563706159591675, 1.2408668994903564, 0.7242390513420105, 0.6330978274345398, 260.6833801269531, 3.681135416030884, 2.3894059658050537, 16.33599281311035, 1.031448483467102, 1.406123161315918, 1.5488407611846924]
Accuracy: [0.612500011920929, 0.581250011920929, 0.643750011920929, 0.612500011920929, 0.6625000238418579, 0.675000011920929, 0.637499988079071, 0.7124999761581421, 0.7437499761581421, 0.731249988079071, 0.71875, 0.612500011920929, 0.59375, 0.606249988079071, 0.612500011920929, 0.625, 0.637499988079071, 0.675000011920929, 0.737500011920929]
Val_accuracy: [0.7169811129570007, 0.7169811129570007, 0.7169811129570007, 0.43396225571632385, 0.6037735939025879, 0.6415094137191772, 0.4528301954269409, 0.3207547068595886, 0.7169811129570007, 0.7169811129570007, 0.5094339847564697, 0.7169811129570007, 0.2830188572406769, 0.4150943458080292, 0.6226415038108826, 0.4150943458080292, 0.5471698045730591, 0.5660377144813538, 0.7169811129570007]

