Modelo: ResNet34
Tempo de execução: 42.08673667907715
Loss: [1.1232446432113647, 0.8249405026435852, 0.8514701128005981, 0.8301658630371094, 0.7386000156402588, 0.7146678566932678, 0.6809519529342651, 0.6697758436203003, 0.6378551721572876, 0.6183806657791138, 0.6524332761764526, 0.5936869978904724, 0.5990495681762695, 0.5745002031326294, 0.4909187853336334]
Val_loss: [0.7515261769294739, 0.9134940505027771, 39.78822326660156, 0.6257872581481934, 0.6080443263053894, 0.6681384444236755, 0.8019676804542542, 0.9596793055534363, 2.0528438091278076, 4.065256595611572, 0.8634647727012634, 1.2072380781173706, 1.0310057401657104, 0.9233126640319824, 1.206472635269165]
Accuracy: [0.543749988079071, 0.581250011920929, 0.53125, 0.5625, 0.637499988079071, 0.65625, 0.6000000238418579, 0.581250011920929, 0.65625, 0.7124999761581421, 0.6625000238418579, 0.6812499761581421, 0.699999988079071, 0.6937500238418579, 0.75]
Val_accuracy: [0.7169811129570007, 0.7169811129570007, 0.2830188572406769, 0.7169811129570007, 0.7169811129570007, 0.7358490824699402, 0.7169811129570007, 0.5283018946647644, 0.49056604504585266, 0.30188679695129395, 0.7358490824699402, 0.7358490824699402, 0.5660377144813538, 0.7358490824699402, 0.7169811129570007]

