Modelo: ResNet34
Tempo de execução: 49.19647479057312
Loss: [1.0682874917984009, 0.806981086730957, 0.7095304727554321, 0.7176668643951416, 0.677941620349884, 0.681728184223175, 0.8239567875862122, 0.7262594699859619, 0.578845739364624, 0.5549957752227783, 0.5322139859199524, 0.5320040583610535, 0.5598904490470886, 0.44991856813430786, 0.5663744807243347, 0.5928850769996643, 0.46891865134239197, 0.4586535394191742, 0.40988269448280334]
Val_loss: [1.3028347492218018, 2379.955078125, 3.279148817062378, 1.5489293336868286, 3.2895779609680176, 5.094820022583008, 1.883959412574768, 0.9245696067810059, 0.49720272421836853, 0.6945101022720337, 1.6865447759628296, 3.032113790512085, 3.6217873096466064, 4.921637058258057, 7.046763896942139, 5.989405155181885, 2.747203826904297, 1.6785292625427246, 2.9903039932250977]
Accuracy: [0.5249999761581421, 0.606249988079071, 0.65625, 0.643750011920929, 0.6499999761581421, 0.6937500238418579, 0.625, 0.65625, 0.699999988079071, 0.737500011920929, 0.7562500238418579, 0.7124999761581421, 0.731249988079071, 0.7875000238418579, 0.7562500238418579, 0.7875000238418579, 0.800000011920929, 0.8062499761581421, 0.8187500238418579]
Val_accuracy: [0.7169811129570007, 0.7169811129570007, 0.7169811129570007, 0.6226415038108826, 0.7358490824699402, 0.7169811129570007, 0.6792452931404114, 0.6603773832321167, 0.7547169923782349, 0.698113203048706, 0.7169811129570007, 0.6792452931404114, 0.698113203048706, 0.7547169923782349, 0.7169811129570007, 0.7169811129570007, 0.24528302252292633, 0.6792452931404114, 0.6603773832321167]

