Modelo: ResNet34
Tempo de execução: 44.26664710044861
Loss: [1.1486858129501343, 0.876386284828186, 0.8646867871284485, 0.7893742322921753, 0.8188381195068359, 0.8325479626655579, 0.7413673400878906, 0.6686100363731384, 0.6819488406181335, 0.7437837719917297, 0.5493266582489014, 0.5621073842048645, 0.5546709895133972, 0.4970990717411041, 0.47265738248825073, 0.4652222990989685]
Val_loss: [46.73567581176758, 8.921080589294434, 1.4854416847229004, 1.217333436012268, 13.555886268615723, 0.9581282734870911, 17.903520584106445, 12.742615699768066, 3.5138633251190186, 11.51559066772461, 3.355898380279541, 16.652034759521484, 3.250718355178833, 15.180754661560059, 3.7688076496124268, 2.585801601409912]
Accuracy: [0.581250011920929, 0.518750011920929, 0.5874999761581421, 0.6000000238418579, 0.574999988079071, 0.5874999761581421, 0.606249988079071, 0.5874999761581421, 0.6000000238418579, 0.612500011920929, 0.7124999761581421, 0.762499988079071, 0.7250000238418579, 0.75, 0.793749988079071, 0.800000011920929]
Val_accuracy: [0.2830188572406769, 0.7169811129570007, 0.37735849618911743, 0.35849055647850037, 0.7169811129570007, 0.5094339847564697, 0.2830188572406769, 0.2830188572406769, 0.2830188572406769, 0.30188679695129395, 0.37735849618911743, 0.30188679695129395, 0.5660377144813538, 0.698113203048706, 0.6415094137191772, 0.49056604504585266]

