Modelo: ResNet34
Tempo de execução: 36.0038206577301
Loss: [1.0839356184005737, 0.9229141473770142, 0.7224463820457458, 0.7545481324195862, 0.7444409728050232, 0.7652963399887085, 0.7422941327095032, 0.7664197683334351, 0.7707521319389343, 0.8483985066413879, 0.7810415029525757, 0.6907685995101929]
Val_loss: [0.7201313376426697, 0.6274586319923401, 0.629183292388916, 0.7125951051712036, 11.096025466918945, 57.64885330200195, 2.561852216720581, 1.0652765035629272, 4.655009746551514, 5.025341033935547, 259.7812805175781, 0.9887303709983826]
Accuracy: [0.625, 0.574999988079071, 0.612500011920929, 0.6187499761581421, 0.668749988079071, 0.637499988079071, 0.5625, 0.5562499761581421, 0.5562499761581421, 0.550000011920929, 0.574999988079071, 0.625]
Val_accuracy: [0.2830188572406769, 0.7169811129570007, 0.7169811129570007, 0.3962264060974121, 0.7169811129570007, 0.2830188572406769, 0.7169811129570007, 0.7169811129570007, 0.7169811129570007, 0.7169811129570007, 0.7169811129570007, 0.698113203048706]

