Modelo: ResNet34
Tempo de execução: 50.206632137298584
Loss: [1.103946566581726, 0.668899655342102, 0.7817586660385132, 0.6978756785392761, 0.645454466342926, 0.6310738325119019, 0.5749763250350952, 0.5739110708236694, 0.5727222561836243, 0.5225120782852173, 0.6306203603744507, 0.4875100255012512, 0.40254563093185425, 0.43224167823791504, 0.4885166585445404, 0.5057811141014099, 0.5048579573631287, 0.3825985789299011, 0.3152073323726654]
Val_loss: [1.0563161373138428, 3.0284883975982666, 1.457029104232788, 2.3889529705047607, 2.763655662536621, 21.30605697631836, 2.26292085647583, 9.620920181274414, 0.5102505087852478, 1.1582880020141602, 0.9975075125694275, 6.88688325881958, 0.9914851784706116, 14.445314407348633, 6.709107398986816, 2.0191378593444824, 0.9325041770935059, 0.9306068420410156, 1.2909908294677734]
Accuracy: [0.5687500238418579, 0.643750011920929, 0.59375, 0.643750011920929, 0.6875, 0.6812499761581421, 0.7250000238418579, 0.6937500238418579, 0.762499988079071, 0.8125, 0.731249988079071, 0.800000011920929, 0.831250011920929, 0.8125, 0.793749988079071, 0.800000011920929, 0.793749988079071, 0.8500000238418579, 0.8999999761581421]
Val_accuracy: [0.2830188572406769, 0.2830188572406769, 0.2830188572406769, 0.3396226465702057, 0.698113203048706, 0.6226415038108826, 0.24528302252292633, 0.7169811129570007, 0.7735849022865295, 0.5283018946647644, 0.6415094137191772, 0.7169811129570007, 0.6415094137191772, 0.7169811129570007, 0.698113203048706, 0.698113203048706, 0.5849056839942932, 0.4150943458080292, 0.6415094137191772]

