Modelo: ResNet34
Tempo de execução: 34.565202951431274
Loss: [1.047168254852295, 0.8269445300102234, 0.8810254335403442, 0.7635155320167542, 0.7553399205207825, 0.7586593627929688, 0.7805415987968445, 0.6556935906410217, 0.6912056803703308, 0.6205194592475891, 0.6926369071006775, 0.6259082555770874]
Val_loss: [0.6591640710830688, 0.6012098789215088, 36.41676330566406, 55.526939392089844, 0.8113178610801697, 1.9944459199905396, 3.8774120807647705, 12.722332954406738, 24.74114418029785, 3.9267234802246094, 3.4193265438079834, 11.228461265563965]
Accuracy: [0.612500011920929, 0.606249988079071, 0.5874999761581421, 0.606249988079071, 0.5687500238418579, 0.5562499761581421, 0.5562499761581421, 0.625, 0.625, 0.71875, 0.6875, 0.71875]
Val_accuracy: [0.7169811129570007, 0.7169811129570007, 0.7169811129570007, 0.7169811129570007, 0.2830188572406769, 0.698113203048706, 0.6037735939025879, 0.5471698045730591, 0.6415094137191772, 0.2830188572406769, 0.2830188572406769, 0.6792452931404114]

