Modelo: VGG16_trained
Tempo de execução: 35.251991271972656
Loss: [0.907210648059845, 0.663432776927948, 0.6600475907325745, 0.6451433300971985, 0.6511108875274658, 0.6373258233070374, 0.6407862901687622, 0.6398478150367737, 4.434820652008057, 4.025938987731934, 0.650996208190918, 0.6456781029701233]
Val_loss: [0.6825659275054932, 0.6721881031990051, 0.6785686612129211, 0.6796700954437256, 0.6751935482025146, 0.6735950112342834, 0.6714573502540588, 0.833458423614502, 0.7480891346931458, 0.7096967697143555, 0.6897454261779785, 0.6728494763374329]
Accuracy: [0.5723270177841187, 0.6226415038108826, 0.6792452931404114, 0.6792452931404114, 0.6792452931404114, 0.6792452931404114, 0.6792452931404114, 0.6666666865348816, 0.6352201104164124, 0.6037735939025879, 0.6540880799293518, 0.6792452931404114]
Val_accuracy: [0.6037735939025879, 0.6037735939025879, 0.6037735939025879, 0.6037735939025879, 0.6037735939025879, 0.6037735939025879, 0.6037735939025879, 0.6037735939025879, 0.3962264060974121, 0.6037735939025879, 0.6037735939025879, 0.6037735939025879]

