Modelo: VGG16_trained
Tempo de execução: 38.39475774765015
Loss: [9.852686882019043, 0.6994714736938477, 0.6774911880493164, 0.6536267399787903, 0.6473453640937805, 0.6390756964683533, 0.6392090320587158, 0.6600895524024963, 0.6442196369171143, 0.643782913684845, 0.6352456212043762, 0.6766214370727539, 0.6447442770004272]
Val_loss: [0.7336289882659912, 0.7097947597503662, 0.6742939352989197, 0.6793538928031921, 0.718014121055603, 0.6739799976348877, 0.6988474726676941, 0.6862810254096985, 0.6997986435890198, 0.6886347532272339, 0.7554916739463806, 0.709420382976532, 0.7020552158355713]
Accuracy: [0.6100628972053528, 0.6477987170219421, 0.6792452931404114, 0.6792452931404114, 0.6792452931404114, 0.6792452931404114, 0.6792452931404114, 0.6603773832321167, 0.6792452931404114, 0.6792452931404114, 0.6855345964431763, 0.6540880799293518, 0.6792452931404114]
Val_accuracy: [0.6037735939025879, 0.6037735939025879, 0.6037735939025879, 0.6037735939025879, 0.6037735939025879, 0.6037735939025879, 0.6037735939025879, 0.6037735939025879, 0.6037735939025879, 0.6037735939025879, 0.3962264060974121, 0.6037735939025879, 0.6037735939025879]

