Modelo: VGG16_trained
Tempo de execução: 40.664000272750854
Loss: [12.838435173034668, 0.6481374502182007, 2.271221160888672, 1.1753740310668945, 0.6310466527938843, 0.6427095532417297, 0.6304886341094971, 0.64236980676651, 0.6365939378738403, 0.6329367160797119, 0.6358646154403687, 0.6363396048545837, 0.6421390771865845, 0.7101478576660156]
Val_loss: [0.6802498698234558, 0.6838490962982178, 0.6863580942153931, 0.6714746952056885, 0.671905517578125, 0.6818414330482483, 0.7286725044250488, 0.6908273696899414, 0.6819482445716858, 0.7076891660690308, 0.6936556100845337, 0.6890856623649597, 0.7281022667884827, 0.6743746399879456]
Accuracy: [0.6352201104164124, 0.6540880799293518, 0.6163522005081177, 0.6666666865348816, 0.6666666865348816, 0.6792452931404114, 0.6792452931404114, 0.6792452931404114, 0.6792452931404114, 0.6792452931404114, 0.6792452931404114, 0.6792452931404114, 0.6729559898376465, 0.6729559898376465]
Val_accuracy: [0.6037735939025879, 0.6037735939025879, 0.6037735939025879, 0.6037735939025879, 0.6037735939025879, 0.6037735939025879, 0.6037735939025879, 0.6037735939025879, 0.6037735939025879, 0.6037735939025879, 0.6037735939025879, 0.6037735939025879, 0.6037735939025879, 0.6037735939025879]

