Modelo: VGG16_trained
Tempo de execução: 37.77134442329407
Loss: [1.1224358081817627, 0.731002688407898, 1.3990466594696045, 0.6629737615585327, 0.6464928388595581, 0.6379079818725586, 0.6420412659645081, 0.6494798064231873, 0.6350163221359253, 0.6335706114768982, 0.6348646283149719, 0.6346083879470825, 0.6286308765411377]
Val_loss: [0.766685426235199, 0.8595427870750427, 0.6729956865310669, 0.7026212215423584, 0.6816635131835938, 0.681815505027771, 0.6831062436103821, 0.682285726070404, 0.6928068399429321, 0.6861319541931152, 0.6946843266487122, 0.6903062462806702, 0.6737921237945557]
Accuracy: [0.6352201104164124, 0.6729559898376465, 0.6352201104164124, 0.6792452931404114, 0.6792452931404114, 0.6792452931404114, 0.6792452931404114, 0.6792452931404114, 0.6792452931404114, 0.6792452931404114, 0.6792452931404114, 0.6792452931404114, 0.6792452931404114]
Val_accuracy: [0.6037735939025879, 0.6037735939025879, 0.6037735939025879, 0.6037735939025879, 0.6037735939025879, 0.6037735939025879, 0.6037735939025879, 0.6037735939025879, 0.6037735939025879, 0.6037735939025879, 0.6037735939025879, 0.6037735939025879, 0.6037735939025879]

