Modelo: VGG16_trained
Tempo de execução: 35.43522024154663
Loss: [4.303362846374512, 0.7476213574409485, 0.6403298377990723, 0.648914098739624, 0.7757433652877808, 6.12617301940918, 0.769564688205719, 0.6768720149993896, 0.6295745372772217, 0.6387544274330139, 0.638329803943634, 0.6371901631355286]
Val_loss: [0.6947953104972839, 0.672195553779602, 0.7017268538475037, 0.6903710961341858, 0.6769947409629822, 0.673571765422821, 0.6754904985427856, 0.6826336979866028, 0.6846361756324768, 0.6816399693489075, 0.6786567568778992, 0.7135838270187378]
Accuracy: [0.6100628972053528, 0.6477987170219421, 0.6792452931404114, 0.6792452931404114, 0.6792452931404114, 0.6226415038108826, 0.6792452931404114, 0.6666666865348816, 0.6792452931404114, 0.6666666865348816, 0.6792452931404114, 0.6792452931404114]
Val_accuracy: [0.6037735939025879, 0.6037735939025879, 0.6037735939025879, 0.6037735939025879, 0.6037735939025879, 0.6037735939025879, 0.6037735939025879, 0.6037735939025879, 0.6037735939025879, 0.6037735939025879, 0.6037735939025879, 0.6037735939025879]

