Modelo: VGG16_trained
Tempo de execução: 48.142650842666626
Loss: [2.6729278564453125, 0.966434895992279, 0.6565535664558411, 0.6381788849830627, 0.6427281498908997, 0.6377273797988892, 0.6513819098472595, 0.6682897806167603, 0.6427130103111267, 0.641373872756958, 0.6326907277107239, 0.639988124370575, 0.6419844031333923, 0.6409776210784912, 0.6513547897338867, 0.639735221862793, 0.6367305517196655]
Val_loss: [0.7002546191215515, 0.7308896780014038, 0.6860837936401367, 0.7294169664382935, 0.7030194401741028, 0.8537269234657288, 0.6735314130783081, 0.687429666519165, 0.7328221797943115, 0.6788263320922852, 0.7000415921211243, 0.8097174167633057, 0.6959608793258667, 0.6735403537750244, 0.6846038699150085, 0.695477306842804, 0.6933867931365967]
Accuracy: [0.6540880799293518, 0.6037735939025879, 0.6792452931404114, 0.6792452931404114, 0.6792452931404114, 0.6792452931404114, 0.6792452931404114, 0.6226415038108826, 0.6792452931404114, 0.6792452931404114, 0.6792452931404114, 0.6729559898376465, 0.6792452931404114, 0.6666666865348816, 0.6792452931404114, 0.6792452931404114, 0.6792452931404114]
Val_accuracy: [0.6037735939025879, 0.6037735939025879, 0.6037735939025879, 0.6037735939025879, 0.6037735939025879, 0.6037735939025879, 0.6037735939025879, 0.6037735939025879, 0.6037735939025879, 0.6037735939025879, 0.6037735939025879, 0.6037735939025879, 0.6037735939025879, 0.6037735939025879, 0.6037735939025879, 0.6037735939025879, 0.6037735939025879]

