Modelo: VGG16_trained
Tempo de execução: 33.061206579208374
Loss: [1.7379112243652344, 22.66834259033203, 0.683755099773407, 0.646071195602417, 0.6593331098556519, 0.6609938740730286, 0.6259681582450867, 0.7216534614562988, 0.633566677570343, 0.6431821584701538, 0.6437122821807861]
Val_loss: [0.6723088622093201, 1.3632042407989502, 0.7261320352554321, 0.8122975826263428, 0.698011577129364, 0.727179765701294, 0.7849034070968628, 0.7114489078521729, 0.7228554487228394, 0.7134392857551575, 0.6818206310272217]
Accuracy: [0.5723270177841187, 0.6352201104164124, 0.6163522005081177, 0.6352201104164124, 0.6666666865348816, 0.6540880799293518, 0.6792452931404114, 0.6666666865348816, 0.6792452931404114, 0.6792452931404114, 0.6792452931404114]
Val_accuracy: [0.6037735939025879, 0.6037735939025879, 0.6037735939025879, 0.6037735939025879, 0.3962264060974121, 0.6037735939025879, 0.6037735939025879, 0.6037735939025879, 0.6037735939025879, 0.6037735939025879, 0.6037735939025879]

