Modelo: VGG16_trained
Tempo de execução: 43.83589005470276
Loss: [9.677820205688477, 0.6508455872535706, 0.6440611481666565, 0.6425071358680725, 0.6394751667976379, 0.6426478624343872, 0.6387709379196167, 0.6459507942199707, 0.649528443813324, 0.6409202814102173, 27.71155548095703, 5.305858135223389, 0.6888750195503235, 0.6388749480247498, 0.6412901282310486]
Val_loss: [0.8051419258117676, 0.7437430620193481, 0.6808751821517944, 0.6758661270141602, 0.6747016310691833, 0.7130185961723328, 0.7423157691955566, 0.7115603685379028, 0.6783849000930786, 0.6773049831390381, 0.7049369812011719, 0.7017685770988464, 0.6785837411880493, 0.7533392310142517, 0.6883569359779358]
Accuracy: [0.6603773832321167, 0.6477987170219421, 0.6792452931404114, 0.6792452931404114, 0.6792452931404114, 0.6792452931404114, 0.6792452931404114, 0.6792452931404114, 0.6792452931404114, 0.6792452931404114, 0.6415094137191772, 0.5471698045730591, 0.6729559898376465, 0.6792452931404114, 0.6792452931404114]
Val_accuracy: [0.6037735939025879, 0.6037735939025879, 0.6037735939025879, 0.6037735939025879, 0.6037735939025879, 0.6037735939025879, 0.6037735939025879, 0.6037735939025879, 0.6037735939025879, 0.6037735939025879, 0.3962264060974121, 0.3962264060974121, 0.6037735939025879, 0.6037735939025879, 0.6037735939025879]

