Modelo: VGG16_trained
Tempo de execução: 56.40358257293701
Loss: [2.3542377948760986, 0.649404764175415, 0.6786848306655884, 0.6433630585670471, 0.6608943343162537, 5.246372222900391, 27.03499412536621, 0.8570752143859863, 1.137998104095459, 0.645977795124054, 0.6387265920639038, 0.6340322494506836, 0.630850613117218, 0.6298056840896606, 0.6315891146659851, 0.6303055882453918, 0.6392116546630859, 0.7459021806716919, 0.6330751180648804, 0.6315303444862366]
Val_loss: [0.6725980639457703, 0.6727470755577087, 0.7191649675369263, 0.7285571694374084, 0.6752514839172363, 0.6725186705589294, 0.7163712978363037, 0.6815280318260193, 0.6784209609031677, 0.6714613437652588, 0.6801667213439941, 0.690791130065918, 0.6794133186340332, 0.6843612194061279, 0.681955873966217, 0.6892734169960022, 0.6895304322242737, 0.6739482283592224, 0.6968157887458801, 0.6846996545791626]
Accuracy: [0.6100628972053528, 0.6540880799293518, 0.6540880799293518, 0.6792452931404114, 0.6352201104164124, 0.6352201104164124, 0.6792452931404114, 0.6666666865348816, 0.6729559898376465, 0.6666666865348816, 0.6792452931404114, 0.6792452931404114, 0.6792452931404114, 0.6792452931404114, 0.6792452931404114, 0.6792452931404114, 0.6792452931404114, 0.6603773832321167, 0.6792452931404114, 0.6792452931404114]
Val_accuracy: [0.6037735939025879, 0.6037735939025879, 0.6037735939025879, 0.6037735939025879, 0.6037735939025879, 0.6037735939025879, 0.6037735939025879, 0.6037735939025879, 0.6037735939025879, 0.6037735939025879, 0.6037735939025879, 0.6037735939025879, 0.6037735939025879, 0.6037735939025879, 0.6037735939025879, 0.6037735939025879, 0.6037735939025879, 0.6037735939025879, 0.6037735939025879, 0.6037735939025879]

