Modelo: VGG16_trained
Tempo de execução: 35.05099582672119
Loss: [1.1586576700210571, 0.9196141362190247, 0.6706915497779846, 0.8580933809280396, 0.6550451517105103, 0.6376879215240479, 0.635321855545044, 0.6316136717796326, 0.6385769844055176, 0.6398905515670776, 0.6351759433746338, 0.6355001330375671]
Val_loss: [0.7064263820648193, 0.6714282631874084, 0.6764398813247681, 0.6765796542167664, 0.6717729568481445, 0.6913878321647644, 0.6744396090507507, 0.7365838289260864, 0.6902517080307007, 0.6916249990463257, 0.6801137924194336, 0.6912633776664734]
Accuracy: [0.6352201104164124, 0.6603773832321167, 0.6666666865348816, 0.6729559898376465, 0.6792452931404114, 0.6792452931404114, 0.6792452931404114, 0.6792452931404114, 0.6792452931404114, 0.6792452931404114, 0.6792452931404114, 0.6792452931404114]
Val_accuracy: [0.6037735939025879, 0.6037735939025879, 0.6037735939025879, 0.6037735939025879, 0.6037735939025879, 0.6037735939025879, 0.6037735939025879, 0.3962264060974121, 0.6037735939025879, 0.6037735939025879, 0.6037735939025879, 0.6037735939025879]

