Modelo: VGG16_trained
Tempo de execução: 32.68623614311218
Loss: [8.194154739379883, 0.6726796627044678, 0.6664816737174988, 1.8532975912094116, 0.6837052702903748, 0.6763705015182495, 0.6707553267478943, 0.6670138239860535, 0.6641917824745178, 0.6621510982513428, 0.6606006026268005]
Val_loss: [0.6050995588302612, 0.6081953048706055, 0.6063604354858398, 0.6842790842056274, 0.6689200401306152, 0.6585557460784912, 0.6489036083221436, 0.6416833400726318, 0.636583149433136, 0.6315274238586426, 0.6286095380783081]
Accuracy: [0.6163522005081177, 0.6352201104164124, 0.6352201104164124, 0.6415094137191772, 0.6352201104164124, 0.6352201104164124, 0.6352201104164124, 0.6352201104164124, 0.6352201104164124, 0.6352201104164124, 0.6352201104164124]
Val_accuracy: [0.7169811129570007, 0.7169811129570007, 0.7169811129570007, 0.7169811129570007, 0.7169811129570007, 0.7169811129570007, 0.7169811129570007, 0.7169811129570007, 0.7169811129570007, 0.7169811129570007, 0.7169811129570007]

