Modelo: VGG16_trained
Tempo de execução: 75.3566541671753
Loss: [1.7182962894439697, 0.7044413685798645, 0.6693892478942871, 9.981496810913086, 1.0580006837844849, 0.6680892705917358, 0.6674036979675293, 0.6578866839408875, 0.6690153479576111, 0.6593848466873169, 0.6612274050712585, 0.6643276810646057, 0.660554826259613, 0.6617400050163269, 0.6587026715278625, 0.6654534339904785, 0.6929728388786316, 0.6809099316596985, 0.6766101121902466, 0.6762871146202087, 0.6749047636985779, 0.6730298399925232, 0.6663557887077332, 0.6684163808822632, 0.6688697934150696, 0.665310263633728, 0.6706748604774475]
Val_loss: [0.6072158813476562, 0.6011942625045776, 0.6237272024154663, 0.634284496307373, 0.6108354330062866, 0.5995543003082275, 0.613044023513794, 0.597274899482727, 0.6059851050376892, 0.6102684736251831, 0.6163203120231628, 0.6112546920776367, 0.6179061532020569, 0.6161707043647766, 0.6040873527526855, 0.6116604208946228, 0.5959222316741943, 0.6260770559310913, 0.5985904932022095, 0.6435303688049316, 0.5961331129074097, 0.602324366569519, 0.610786497592926, 0.5974926352500916, 0.6058059334754944, 0.5985695719718933, 0.6432409286499023]
Accuracy: [0.5849056839942932, 0.6037735939025879, 0.6352201104164124, 0.553459107875824, 0.597484290599823, 0.6037735939025879, 0.6352201104164124, 0.6352201104164124, 0.6352201104164124, 0.6352201104164124, 0.6352201104164124, 0.6352201104164124, 0.6352201104164124, 0.6352201104164124, 0.6352201104164124, 0.6163522005081177, 0.5660377144813538, 0.6352201104164124, 0.6352201104164124, 0.6352201104164124, 0.6352201104164124, 0.6352201104164124, 0.6352201104164124, 0.6352201104164124, 0.6352201104164124, 0.6037735939025879, 0.6352201104164124]
Val_accuracy: [0.7169811129570007, 0.7169811129570007, 0.7169811129570007, 0.7169811129570007, 0.7169811129570007, 0.7169811129570007, 0.7169811129570007, 0.7169811129570007, 0.7169811129570007, 0.7169811129570007, 0.7169811129570007, 0.7169811129570007, 0.7169811129570007, 0.7169811129570007, 0.7169811129570007, 0.7169811129570007, 0.7169811129570007, 0.7169811129570007, 0.7169811129570007, 0.7169811129570007, 0.7169811129570007, 0.7169811129570007, 0.7169811129570007, 0.7169811129570007, 0.7169811129570007, 0.7169811129570007, 0.7169811129570007]

