Modelo: VGG16_trained
Tempo de execução: 41.23980975151062
Loss: [8.339176177978516, 1.796708345413208, 0.711523711681366, 0.6829112768173218, 0.6868526935577393, 0.6722922921180725, 0.6711382269859314, 0.6671419143676758, 0.6619401574134827, 0.6627247929573059, 0.6615462899208069, 0.6715697050094604, 0.6867775321006775, 0.6780072450637817]
Val_loss: [0.6254734992980957, 0.6155943870544434, 0.6294261813163757, 0.5962750911712646, 0.6547417640686035, 0.603557825088501, 0.6006137728691101, 0.5985031127929688, 0.6024414300918579, 0.5990244746208191, 0.5960080623626709, 0.604799211025238, 0.7957521080970764, 0.5963078737258911]
Accuracy: [0.5220125913619995, 0.5911949872970581, 0.6037735939025879, 0.6163522005081177, 0.6163522005081177, 0.6037735939025879, 0.6352201104164124, 0.6352201104164124, 0.6352201104164124, 0.6352201104164124, 0.6352201104164124, 0.6352201104164124, 0.6037735939025879, 0.5723270177841187]
Val_accuracy: [0.7169811129570007, 0.7169811129570007, 0.7169811129570007, 0.7169811129570007, 0.7169811129570007, 0.7169811129570007, 0.7169811129570007, 0.7169811129570007, 0.7169811129570007, 0.7169811129570007, 0.7169811129570007, 0.7169811129570007, 0.7169811129570007, 0.7169811129570007]

