Modelo: VGG16_trained
Tempo de execução: 41.159217834472656
Loss: [205.26571655273438, 1.293761968612671, 0.7550304532051086, 0.6617668867111206, 0.6784679889678955, 0.6777605414390564, 0.67484050989151, 0.6713742613792419, 0.6924387216567993, 0.6965118646621704, 0.6704502701759338, 0.6617782115936279, 0.6622968316078186, 0.658242404460907]
Val_loss: [0.5975951552391052, 0.5989156365394592, 0.6200867891311646, 0.5962855815887451, 0.6034727692604065, 0.5961689352989197, 0.6142526865005493, 0.6110195517539978, 0.664038360118866, 0.6034362316131592, 0.6081691384315491, 0.6055636405944824, 0.6015117764472961, 0.6050328016281128]
Accuracy: [0.6226415038108826, 0.5911949872970581, 0.597484290599823, 0.6163522005081177, 0.6163522005081177, 0.6352201104164124, 0.6352201104164124, 0.6100628972053528, 0.553459107875824, 0.5849056839942932, 0.6352201104164124, 0.6352201104164124, 0.6352201104164124, 0.6163522005081177]
Val_accuracy: [0.7169811129570007, 0.7169811129570007, 0.7169811129570007, 0.7169811129570007, 0.7169811129570007, 0.7169811129570007, 0.7169811129570007, 0.7169811129570007, 0.7169811129570007, 0.7169811129570007, 0.7169811129570007, 0.7169811129570007, 0.7169811129570007, 0.7169811129570007]

