Modelo: VGG16_trained
Tempo de execução: 35.82206130027771
Loss: [1.7405402660369873, 0.9847769141197205, 0.6954341530799866, 0.6720938086509705, 0.6794517636299133, 1.9080482721328735, 0.6919106245040894, 0.6760092973709106, 0.6778273582458496, 0.6619666814804077, 0.6736350655555725, 0.6699761152267456]
Val_loss: [0.7542906999588013, 0.5955379605293274, 0.6094479560852051, 0.6280877590179443, 0.597628116607666, 0.6064888834953308, 0.5965155363082886, 0.6122786998748779, 0.6206896305084229, 0.6418532729148865, 0.626218855381012, 0.6258164644241333]
Accuracy: [0.5471698045730591, 0.5408805012702942, 0.5786163806915283, 0.6352201104164124, 0.6100628972053528, 0.6226415038108826, 0.6226415038108826, 0.6352201104164124, 0.6100628972053528, 0.6352201104164124, 0.6352201104164124, 0.6352201104164124]
Val_accuracy: [0.2830188572406769, 0.7169811129570007, 0.7169811129570007, 0.7169811129570007, 0.7169811129570007, 0.7169811129570007, 0.7169811129570007, 0.7169811129570007, 0.7169811129570007, 0.7169811129570007, 0.7169811129570007, 0.7169811129570007]

