Modelo: VGG16_trained
Tempo de execução: 38.07575178146362
Loss: [3.4897475242614746, 0.6799346208572388, 0.8042896389961243, 0.6895491480827332, 0.670192539691925, 18.42230224609375, 0.7031603455543518, 0.677260160446167, 0.6715839505195618, 0.6674131751060486, 0.6645407676696777, 0.6625701785087585, 0.6607657670974731]
Val_loss: [0.7536187767982483, 0.6160594820976257, 0.6108490824699402, 0.616428792476654, 0.6359229683876038, 0.6548585891723633, 0.6718659996986389, 0.6600120067596436, 0.6513062715530396, 0.6435660123825073, 0.6364102363586426, 0.6326472163200378, 0.6286934018135071]
Accuracy: [0.5220125913619995, 0.6289308071136475, 0.5911949872970581, 0.597484290599823, 0.6352201104164124, 0.5786163806915283, 0.597484290599823, 0.6352201104164124, 0.6352201104164124, 0.6352201104164124, 0.6352201104164124, 0.6352201104164124, 0.6352201104164124]
Val_accuracy: [0.2830188572406769, 0.7169811129570007, 0.7169811129570007, 0.7169811129570007, 0.7169811129570007, 0.7169811129570007, 0.7169811129570007, 0.7169811129570007, 0.7169811129570007, 0.7169811129570007, 0.7169811129570007, 0.7169811129570007, 0.7169811129570007]

