Modelo: VGG16_trained
Tempo de execução: 47.22431397438049
Loss: [1.1176648139953613, 0.6827288866043091, 1.9472506046295166, 1.0255231857299805, 0.6691415905952454, 0.661005437374115, 0.6649560332298279, 0.6654376983642578, 0.6579453349113464, 0.6668941378593445, 0.6579556465148926, 0.6629618406295776, 0.6582056879997253, 0.6627934575080872, 0.6609498262405396, 0.6616349816322327]
Val_loss: [0.619240939617157, 0.6168913245201111, 0.6004887819290161, 0.6186777949333191, 0.6062393188476562, 0.5968286395072937, 0.6002894639968872, 0.6036348342895508, 0.6384629011154175, 0.6090214848518372, 0.6392054557800293, 0.6042788624763489, 0.6230916976928711, 0.6224702000617981, 0.6099692583084106, 0.6043626070022583]
Accuracy: [0.5408805012702942, 0.6352201104164124, 0.6037735939025879, 0.5786163806915283, 0.6352201104164124, 0.6352201104164124, 0.6163522005081177, 0.6352201104164124, 0.6352201104164124, 0.6352201104164124, 0.6352201104164124, 0.6352201104164124, 0.6352201104164124, 0.6352201104164124, 0.6352201104164124, 0.6352201104164124]
Val_accuracy: [0.7169811129570007, 0.7169811129570007, 0.7169811129570007, 0.7169811129570007, 0.7169811129570007, 0.7169811129570007, 0.7169811129570007, 0.7169811129570007, 0.7169811129570007, 0.7169811129570007, 0.7169811129570007, 0.7169811129570007, 0.7169811129570007, 0.7169811129570007, 0.7169811129570007, 0.7169811129570007]

