Modelo: VGG16_trained
Tempo de execução: 64.42073273658752
Loss: [1.4869773387908936, 1.252692699432373, 0.8130556344985962, 0.6706574559211731, 0.6651481986045837, 0.6600069999694824, 0.6678849458694458, 0.6676700711250305, 1.3254554271697998, 0.6685768961906433, 0.6634183526039124, 0.6673928499221802, 0.7837321162223816, 9.72657585144043, 1.3346967697143555, 0.6550140976905823, 0.6695892214775085, 0.6616494655609131, 0.6623412370681763, 0.6598999500274658, 0.6587414145469666, 0.6600598096847534, 0.659627377986908]
Val_loss: [0.6408257484436035, 0.642008364200592, 0.6085889339447021, 0.6048590540885925, 0.6153178811073303, 0.6193656921386719, 0.6235081553459167, 0.6063956618309021, 0.6146180629730225, 0.607424259185791, 0.6033924221992493, 0.6095187067985535, 0.5959213972091675, 0.6415987014770508, 0.6070433855056763, 0.6443474888801575, 0.6172256469726562, 0.6295281052589417, 0.6103646159172058, 0.6135187149047852, 0.6033205389976501, 0.6063188314437866, 0.606652557849884]
Accuracy: [0.6037735939025879, 0.5911949872970581, 0.6163522005081177, 0.6352201104164124, 0.6352201104164124, 0.6352201104164124, 0.6289308071136475, 0.6352201104164124, 0.6037735939025879, 0.6352201104164124, 0.6352201104164124, 0.6352201104164124, 0.597484290599823, 0.6037735939025879, 0.5660377144813538, 0.6163522005081177, 0.6352201104164124, 0.6352201104164124, 0.6352201104164124, 0.6352201104164124, 0.6352201104164124, 0.6352201104164124, 0.6352201104164124]
Val_accuracy: [0.7169811129570007, 0.7169811129570007, 0.7169811129570007, 0.7169811129570007, 0.7169811129570007, 0.7169811129570007, 0.7169811129570007, 0.7169811129570007, 0.7169811129570007, 0.7169811129570007, 0.7169811129570007, 0.7169811129570007, 0.7169811129570007, 0.7169811129570007, 0.7169811129570007, 0.7169811129570007, 0.7169811129570007, 0.7169811129570007, 0.7169811129570007, 0.7169811129570007, 0.7169811129570007, 0.7169811129570007, 0.7169811129570007]

