Modelo: VGG16_trained
Tempo de execução: 50.154948711395264
Loss: [1.2030755281448364, 1.1441150903701782, 0.6809486746788025, 0.6785343289375305, 0.6801276803016663, 0.6731109023094177, 0.6738271117210388, 0.6638914346694946, 0.6684078574180603, 0.6649511456489563, 0.6679894328117371, 0.6655774116516113, 0.6582505106925964, 0.6586810946464539, 0.6689864993095398, 0.6614072322845459, 0.6667101383209229]
Val_loss: [0.6720067262649536, 0.664972186088562, 0.6215965747833252, 0.6175506114959717, 0.6483951210975647, 0.6051267385482788, 0.5997330546379089, 0.6217706799507141, 0.6039817929267883, 0.6251415610313416, 0.617499589920044, 0.6162146925926208, 0.5994929075241089, 0.6080380082130432, 0.6024255752563477, 0.6044741272926331, 0.6345769762992859]
Accuracy: [0.5408805012702942, 0.5849056839942932, 0.6352201104164124, 0.6352201104164124, 0.5849056839942932, 0.6100628972053528, 0.6352201104164124, 0.6352201104164124, 0.6226415038108826, 0.6037735939025879, 0.6352201104164124, 0.6352201104164124, 0.6352201104164124, 0.6352201104164124, 0.6352201104164124, 0.6352201104164124, 0.6352201104164124]
Val_accuracy: [0.7169811129570007, 0.7169811129570007, 0.7169811129570007, 0.7169811129570007, 0.7169811129570007, 0.7169811129570007, 0.7169811129570007, 0.7169811129570007, 0.7169811129570007, 0.7169811129570007, 0.7169811129570007, 0.7169811129570007, 0.7169811129570007, 0.7169811129570007, 0.7169811129570007, 0.7169811129570007, 0.7169811129570007]

