Modelo: VGG16_trained
Tempo de execução: 35.25650691986084
Loss: [13.02992057800293, 0.7932809591293335, 0.6830630302429199, 0.6689823269844055, 0.6666691899299622, 0.6647410988807678, 0.6658090353012085, 0.6627171635627747, 0.6597205400466919, 0.6592839360237122, 0.6585812568664551, 0.6574891209602356]
Val_loss: [0.603522002696991, 0.5984488725662231, 0.634147047996521, 0.5997576713562012, 0.6032935380935669, 0.6042674779891968, 0.6252250671386719, 0.6067403554916382, 0.6044105887413025, 0.6114827990531921, 0.6069888472557068, 0.6085375547409058]
Accuracy: [0.6163522005081177, 0.6163522005081177, 0.6037735939025879, 0.6352201104164124, 0.6352201104164124, 0.6352201104164124, 0.6352201104164124, 0.6352201104164124, 0.6352201104164124, 0.6352201104164124, 0.6352201104164124, 0.6352201104164124]
Val_accuracy: [0.7169811129570007, 0.7169811129570007, 0.7169811129570007, 0.7169811129570007, 0.7169811129570007, 0.7169811129570007, 0.7169811129570007, 0.7169811129570007, 0.7169811129570007, 0.7169811129570007, 0.7169811129570007, 0.7169811129570007]

