Modelo: ResNet34
Tempo de execução: 31.70337414741516
Loss: [1.017637014389038, 0.7752364873886108, 0.7153093814849854, 0.6063619256019592, 0.8191006779670715, 0.675753653049469, 0.6900721788406372, 0.5483540296554565, 0.6664389371871948, 0.805422306060791, 0.6330258250236511]
Val_loss: [0.7644810080528259, 1.2368251085281372, 1.5679898262023926, 0.8827474117279053, 1.3734196424484253, 4.240246295928955, 2.343571662902832, 1.9021120071411133, 88.82721710205078, 75.74652862548828, 19.652000427246094]
Accuracy: [0.6296296119689941, 0.6234567761421204, 0.6666666865348816, 0.6975308656692505, 0.5864197611808777, 0.7037037014961243, 0.6666666865348816, 0.7654321193695068, 0.6790123581886292, 0.5864197611808777, 0.6728395223617554]
Val_accuracy: [0.6296296119689941, 0.6296296119689941, 0.6296296119689941, 0.37037035822868347, 0.4444444477558136, 0.5740740895271301, 0.40740740299224854, 0.5370370149612427, 0.6296296119689941, 0.6111111044883728, 0.5]

