Modelo: ResNet34
Tempo de execução: 70.24863052368164
Loss: [1.151219367980957, 0.7119806408882141, 0.7200002074241638, 0.7301498651504517, 0.693230926990509, 0.7806766033172607, 0.6952183842658997, 0.5344094634056091, 0.6641292572021484, 0.6555740237236023, 0.7381743788719177, 0.667687714099884, 0.5707100033760071, 0.6902996301651001, 0.5427563786506653, 0.5834912657737732, 0.4458249807357788, 0.40131810307502747, 0.4317353367805481, 0.4182547926902771, 0.36222919821739197, 0.3935158848762512, 0.366727352142334, 0.3823198974132538, 0.30485397577285767, 0.3310416638851166, 0.26865503191947937]
Val_loss: [0.7991631031036377, 0.9898511171340942, 0.8270167708396912, 22.306686401367188, 16.86165428161621, 15.53654670715332, 4.64176082611084, 1.5667860507965088, 1.4561830759048462, 0.61927330493927, 0.6337642669677734, 2.5164990425109863, 0.7541865110397339, 73.43180847167969, 3.6835031509399414, 1.4559508562088013, 0.408056378364563, 1.0056326389312744, 0.7102612257003784, 0.4619579613208771, 0.6085883975028992, 2.5817108154296875, 3.3470935821533203, 6.02174186706543, 0.5911662578582764, 4.36574649810791, 0.48044463992118835]
Accuracy: [0.5987654328346252, 0.6666666865348816, 0.6790123581886292, 0.5740740895271301, 0.6296296119689941, 0.6604938507080078, 0.6728395223617554, 0.7345678806304932, 0.7469135522842407, 0.6790123581886292, 0.6234567761421204, 0.6419752836227417, 0.7160493731498718, 0.6728395223617554, 0.7037037014961243, 0.7654321193695068, 0.7716049551963806, 0.8395061492919922, 0.8580247163772583, 0.8580247163772583, 0.8580247163772583, 0.845678985118866, 0.8518518805503845, 0.8641975522041321, 0.8703703880310059, 0.8395061492919922, 0.9074074029922485]
Val_accuracy: [0.37037035822868347, 0.6296296119689941, 0.6296296119689941, 0.6296296119689941, 0.6296296119689941, 0.6296296119689941, 0.6296296119689941, 0.6296296119689941, 0.6111111044883728, 0.6111111044883728, 0.7962962985038757, 0.4444444477558136, 0.6481481194496155, 0.37037035822868347, 0.6296296119689941, 0.5925925970077515, 0.8148148059844971, 0.6481481194496155, 0.7407407164573669, 0.8148148059844971, 0.7777777910232544, 0.6296296119689941, 0.5740740895271301, 0.6296296119689941, 0.7222222089767456, 0.5925925970077515, 0.7592592835426331]

