Modelo: ResNet34
Tempo de execução: 60.68964219093323
Loss: [0.9105820655822754, 0.7738720774650574, 0.6330914497375488, 0.75023353099823, 0.5637447237968445, 0.4438788890838623, 0.6443042755126953, 0.5140276551246643, 0.4424886703491211, 0.5105690956115723, 0.42222651839256287, 0.3808456361293793, 0.43942171335220337, 0.4201686382293701, 0.3863256871700287, 0.4420772194862366, 0.43135055899620056, 0.463111937046051, 0.34257927536964417, 0.4119837284088135, 0.3755768835544586, 0.46174532175064087, 0.369747132062912, 0.35000038146972656]
Val_loss: [0.6592559814453125, 0.9459960460662842, 0.7933093905448914, 14.216578483581543, 0.5695393085479736, 0.6572603583335876, 8.6838960647583, 2.4392895698547363, 10.382384300231934, 8.789237976074219, 0.4124332666397095, 0.6000933051109314, 2.2143423557281494, 0.3238939344882965, 0.56008380651474, 3.900019407272339, 0.8602576851844788, 18.508703231811523, 1.0621824264526367, 0.3884969651699066, 0.36357414722442627, 0.9962206482887268, 2.1174936294555664, 1.405512809753418]
Accuracy: [0.5802469253540039, 0.6419752836227417, 0.7037037014961243, 0.709876537322998, 0.7283950448036194, 0.8086419701576233, 0.7160493731498718, 0.7654321193695068, 0.8086419701576233, 0.8024691343307495, 0.8086419701576233, 0.8209876418113708, 0.8333333134651184, 0.7962962985038757, 0.8333333134651184, 0.8024691343307495, 0.8271604776382446, 0.8086419701576233, 0.8395061492919922, 0.8209876418113708, 0.8518518805503845, 0.845678985118866, 0.8580247163772583, 0.8518518805503845]
Val_accuracy: [0.6296296119689941, 0.37037035822868347, 0.6296296119689941, 0.37037035822868347, 0.7592592835426331, 0.7592592835426331, 0.37037035822868347, 0.46296295523643494, 0.37037035822868347, 0.37037035822868347, 0.8333333134651184, 0.7777777910232544, 0.46296295523643494, 0.8518518805503845, 0.7407407164573669, 0.3888888955116272, 0.6296296119689941, 0.37037035822868347, 0.6481481194496155, 0.7962962985038757, 0.7962962985038757, 0.6666666865348816, 0.5370370149612427, 0.6296296119689941]

