Modelo: ResNet34
Tempo de execução: 65.04110026359558
Loss: [0.9663331508636475, 0.9363902807235718, 0.7202275395393372, 0.6245201230049133, 0.5841442346572876, 0.6275317072868347, 0.6455351114273071, 0.5371288061141968, 0.5632689595222473, 0.4352753758430481, 0.5267680287361145, 0.4332359731197357, 0.39949342608451843, 0.35973161458969116, 0.3654448390007019, 0.4169274866580963, 0.33060604333877563, 0.30858486890792847, 0.26376599073410034, 0.29669198393821716, 0.39788898825645447, 0.2861150801181793, 0.3229607939720154, 0.3314732015132904, 0.2270003706216812]
Val_loss: [312.8693542480469, 0.8373333811759949, 7.7079010009765625, 0.7850586771965027, 0.9452387690544128, 0.9002518653869629, 1.9285638332366943, 0.6569697260856628, 1.5930895805358887, 0.6034863591194153, 0.5574190616607666, 0.6261576414108276, 0.5419510006904602, 0.5091562867164612, 0.4663500189781189, 1.4531244039535522, 1.7233227491378784, 0.9280633330345154, 0.5334486365318298, 0.8040432333946228, 1.6307419538497925, 0.8680095076560974, 1.705093264579773, 0.7592516541481018, 1.0999635457992554]
Accuracy: [0.5987654328346252, 0.5864197611808777, 0.6604938507080078, 0.7160493731498718, 0.7530864477157593, 0.7160493731498718, 0.6790123581886292, 0.7592592835426331, 0.7839506268501282, 0.8024691343307495, 0.7654321193695068, 0.8333333134651184, 0.845678985118866, 0.8765432238578796, 0.8580247163772583, 0.845678985118866, 0.8641975522041321, 0.8827160596847534, 0.9135802388191223, 0.895061731338501, 0.8827160596847534, 0.9074074029922485, 0.9012345671653748, 0.8888888955116272, 0.9320987462997437]
Val_accuracy: [0.6296296119689941, 0.6296296119689941, 0.37037035822868347, 0.6851851940155029, 0.6666666865348816, 0.40740740299224854, 0.42592594027519226, 0.6481481194496155, 0.42592594027519226, 0.6666666865348816, 0.6851851940155029, 0.6851851940155029, 0.7222222089767456, 0.7407407164573669, 0.8333333134651184, 0.3888888955116272, 0.6481481194496155, 0.6296296119689941, 0.7407407164573669, 0.5555555820465088, 0.37037035822868347, 0.5555555820465088, 0.6296296119689941, 0.6481481194496155, 0.6111111044883728]

