Modelo: ResNet34
Tempo de execução: 114.23669481277466
Loss: [0.9431614875793457, 0.9519771337509155, 0.824334979057312, 0.6450208425521851, 0.687529981136322, 0.6601526141166687, 0.5744257569313049, 0.6445437669754028, 0.7051181793212891, 0.7246535420417786, 0.5746561288833618, 0.5152435898780823, 0.5270522236824036, 0.5575817227363586, 0.5704270601272583, 0.5746333003044128, 0.5721189379692078, 0.5455392599105835, 0.5565839409828186, 0.458657443523407, 0.4958668351173401, 0.4081909656524658, 0.4222523868083954, 0.33557021617889404, 0.4190570116043091, 0.4852929413318634, 0.404109388589859, 0.26538780331611633, 0.2805095613002777, 0.25483471155166626, 0.27525821328163147, 0.3879900872707367, 0.2400187999010086, 0.26785215735435486, 0.294755220413208, 0.22927270829677582, 0.21693052351474762, 0.1683659851551056, 0.28131580352783203, 0.17685824632644653, 0.16425500810146332, 0.15792416036128998, 0.11310287564992905, 0.04786114767193794, 0.07730919122695923, 0.21267862617969513, 0.25377988815307617]
Val_loss: [1.0994503498077393, 3.9141504764556885, 2.326225996017456, 1.00455641746521, 46.48208236694336, 5.126887798309326, 1.25676429271698, 4.276422500610352, 1.823975920677185, 1.695124864578247, 0.677404522895813, 0.6086932420730591, 1.0506523847579956, 2.1505987644195557, 1.9697235822677612, 1.2827690839767456, 0.5028877258300781, 0.5008767247200012, 0.7134037613868713, 0.48126906156539917, 0.45369014143943787, 0.6594408750534058, 0.4930870831012726, 1.1976722478866577, 0.6953741908073425, 0.5197150111198425, 0.3837844431400299, 0.37915438413619995, 0.41268405318260193, 0.3912017047405243, 0.8026297092437744, 0.4167504906654358, 0.45403769612312317, 0.4564233422279358, 0.5414174795150757, 0.3246106505393982, 0.2937764823436737, 0.7162415385246277, 0.33168527483940125, 0.3575977087020874, 0.30027255415916443, 0.36437487602233887, 0.4669816493988037, 0.6774469017982483, 0.35610783100128174, 0.5163522958755493, 0.5145350694656372]
Accuracy: [0.604938268661499, 0.5987654328346252, 0.6358024477958679, 0.6790123581886292, 0.654321014881134, 0.6851851940155029, 0.7654321193695068, 0.6790123581886292, 0.6419752836227417, 0.6851851940155029, 0.709876537322998, 0.7839506268501282, 0.8271604776382446, 0.7654321193695068, 0.7283950448036194, 0.7469135522842407, 0.6913580298423767, 0.7345678806304932, 0.7530864477157593, 0.8086419701576233, 0.7839506268501282, 0.8333333134651184, 0.7777777910232544, 0.8641975522041321, 0.8148148059844971, 0.7592592835426331, 0.845678985118866, 0.9074074029922485, 0.8827160596847534, 0.9135802388191223, 0.8641975522041321, 0.8395061492919922, 0.8888888955116272, 0.8765432238578796, 0.8888888955116272, 0.9074074029922485, 0.9197530746459961, 0.9444444179534912, 0.895061731338501, 0.9320987462997437, 0.9320987462997437, 0.9320987462997437, 0.9691358208656311, 0.9876543283462524, 0.9753086566925049, 0.895061731338501, 0.895061731338501]
Val_accuracy: [0.6296296119689941, 0.6296296119689941, 0.6296296119689941, 0.7037037014961243, 0.37037035822868347, 0.5185185074806213, 0.37037035822868347, 0.42592594027519226, 0.6481481194496155, 0.40740740299224854, 0.7037037014961243, 0.6851851940155029, 0.6296296119689941, 0.6296296119689941, 0.6111111044883728, 0.6296296119689941, 0.7962962985038757, 0.7592592835426331, 0.6296296119689941, 0.7592592835426331, 0.7222222089767456, 0.6296296119689941, 0.7592592835426331, 0.46296295523643494, 0.6111111044883728, 0.7407407164573669, 0.8518518805503845, 0.8148148059844971, 0.8518518805503845, 0.8148148059844971, 0.6851851940155029, 0.8703703880310059, 0.8703703880310059, 0.8518518805503845, 0.7222222089767456, 0.8888888955116272, 0.8888888955116272, 0.7407407164573669, 0.8888888955116272, 0.8703703880310059, 0.8888888955116272, 0.8888888955116272, 0.7592592835426331, 0.7592592835426331, 0.8703703880310059, 0.8518518805503845, 0.8148148059844971]

