Modelo: ResNet34
Tempo de execução: 88.99604415893555
Loss: [0.9356620907783508, 0.8108704090118408, 0.7512184381484985, 0.7308171391487122, 0.7470417022705078, 0.6151237487792969, 0.693393349647522, 0.6098976135253906, 0.7400811910629272, 0.6458792686462402, 0.5343281030654907, 0.5557335615158081, 0.5189961791038513, 0.6013950109481812, 0.521462082862854, 0.5064387917518616, 0.6178843379020691, 0.6798056364059448, 0.5123592615127563, 0.3956487774848938, 0.4696285128593445, 0.4318797290325165, 0.42571592330932617, 0.40594780445098877, 0.3771743178367615, 0.2950642704963684, 0.28308966755867004, 0.25439462065696716, 0.3241555988788605, 0.2045920342206955, 0.25386399030685425, 0.2281724363565445, 0.2087188959121704, 0.16602501273155212, 0.3706095814704895, 0.23934896290302277]
Val_loss: [1.3720368146896362, 0.8319069743156433, 0.9104960560798645, 11.358712196350098, 2.0620758533477783, 36.77401351928711, 0.6602786779403687, 56.221126556396484, 0.5518082976341248, 0.8091595768928528, 0.6283209323883057, 1.053226351737976, 0.5982233881950378, 1.100472331047058, 7.4558329582214355, 4.358408451080322, 0.5204096436500549, 0.6246886849403381, 1.265587329864502, 0.6789244413375854, 0.5482310056686401, 1.466203212738037, 1.5626540184020996, 0.7930908799171448, 0.47099700570106506, 0.39968353509902954, 0.4304947257041931, 0.6316792964935303, 0.9666560292243958, 0.4379478096961975, 0.9965605139732361, 0.5841854810714722, 0.892879843711853, 0.589291512966156, 0.6997800469398499, 0.9424575567245483]
Accuracy: [0.5617284178733826, 0.5617284178733826, 0.6419752836227417, 0.6604938507080078, 0.604938268661499, 0.6604938507080078, 0.6913580298423767, 0.6666666865348816, 0.6790123581886292, 0.6790123581886292, 0.7283950448036194, 0.7407407164573669, 0.7345678806304932, 0.7222222089767456, 0.7283950448036194, 0.7839506268501282, 0.7530864477157593, 0.6358024477958679, 0.7839506268501282, 0.845678985118866, 0.7716049551963806, 0.790123462677002, 0.7962962985038757, 0.8209876418113708, 0.8518518805503845, 0.8703703880310059, 0.8580247163772583, 0.8703703880310059, 0.8703703880310059, 0.9012345671653748, 0.9074074029922485, 0.9012345671653748, 0.9074074029922485, 0.9320987462997437, 0.8395061492919922, 0.9012345671653748]
Val_accuracy: [0.6296296119689941, 0.6296296119689941, 0.6296296119689941, 0.3333333432674408, 0.5740740895271301, 0.37037035822868347, 0.6481481194496155, 0.37037035822868347, 0.7407407164573669, 0.6296296119689941, 0.6851851940155029, 0.6296296119689941, 0.6296296119689941, 0.6296296119689941, 0.37037035822868347, 0.37037035822868347, 0.7592592835426331, 0.6666666865348816, 0.6296296119689941, 0.6851851940155029, 0.6666666865348816, 0.6296296119689941, 0.6296296119689941, 0.7037037014961243, 0.7592592835426331, 0.8518518805503845, 0.8518518805503845, 0.7592592835426331, 0.5185185074806213, 0.7592592835426331, 0.42592594027519226, 0.7962962985038757, 0.7037037014961243, 0.7037037014961243, 0.6111111044883728, 0.6296296119689941]

