Modelo: ResNet34
Tempo de execução: 34.37484049797058
Loss: [1.0274184942245483, 0.754239559173584, 0.6541458964347839, 0.7745944857597351, 0.4919207990169525, 0.49974507093429565, 0.4965839982032776, 0.43650826811790466, 0.33359500765800476, 0.4452992081642151, 0.44275692105293274, 0.39643698930740356]
Val_loss: [1.2771497964859009, 1.0092899799346924, 11.564343452453613, 20.85110092163086, 18.75334358215332, 6.621755599975586, 39.44905090332031, 15.657660484313965, 3.862480401992798, 34.915496826171875, 60.42655563354492, 12.902904510498047]
Accuracy: [0.5864197611808777, 0.604938268661499, 0.6358024477958679, 0.6358024477958679, 0.7469135522842407, 0.8148148059844971, 0.7839506268501282, 0.8209876418113708, 0.8888888955116272, 0.7777777910232544, 0.8271604776382446, 0.8580247163772583]
Val_accuracy: [0.37037035822868347, 0.6296296119689941, 0.6296296119689941, 0.5370370149612427, 0.6481481194496155, 0.3888888955116272, 0.5925925970077515, 0.6296296119689941, 0.5, 0.5925925970077515, 0.5925925970077515, 0.5740740895271301]

