Modelo: ResNet34
Tempo de execução: 83.88535642623901
Loss: [0.9806028604507446, 0.7428581118583679, 0.7199446558952332, 0.8208767771720886, 0.7471150159835815, 0.6865059733390808, 0.6602348685264587, 0.7931734323501587, 0.6954174637794495, 0.7868809700012207, 0.7442765235900879, 0.55013507604599, 0.5142987966537476, 0.4998827278614044, 0.3704662024974823, 0.43262577056884766, 0.6137207746505737, 0.4216994345188141, 0.3607095181941986, 0.29972171783447266, 0.32563576102256775, 0.2888840436935425, 0.3254721760749817, 0.22924257814884186, 0.26417121291160583, 0.24983088672161102, 0.26305264234542847, 0.2148139327764511, 0.24081672728061676, 0.2935015857219696, 0.7267425656318665, 0.5831910967826843, 0.32690876722335815, 0.22225522994995117]
Val_loss: [916.831787109375, 0.6598706841468811, 0.708136796951294, 200.9308624267578, 23.457067489624023, 0.8577182292938232, 0.6239710450172424, 3.0668368339538574, 7.574975490570068, 1.1890085935592651, 0.6722750067710876, 0.9875455498695374, 0.698926568031311, 0.42555904388427734, 0.5087811946868896, 1.131763219833374, 0.4123718738555908, 0.513626754283905, 0.5117465853691101, 0.46198439598083496, 0.43207722902297974, 0.5143610835075378, 0.30383163690567017, 0.29419293999671936, 0.540485680103302, 0.9442955851554871, 0.678071141242981, 1.1824864149093628, 0.3886730372905731, 13.01939868927002, 0.7138233780860901, 0.5389282703399658, 0.6330115795135498, 0.40769603848457336]
Accuracy: [0.5987654328346252, 0.6358024477958679, 0.6358024477958679, 0.654321014881134, 0.6111111044883728, 0.6851851940155029, 0.6604938507080078, 0.5493826866149902, 0.6481481194496155, 0.6481481194496155, 0.604938268661499, 0.7283950448036194, 0.7716049551963806, 0.7716049551963806, 0.845678985118866, 0.8024691343307495, 0.7222222089767456, 0.8333333134651184, 0.8580247163772583, 0.8765432238578796, 0.8703703880310059, 0.8888888955116272, 0.8765432238578796, 0.9012345671653748, 0.8765432238578796, 0.8827160596847534, 0.895061731338501, 0.9012345671653748, 0.9197530746459961, 0.8827160596847534, 0.6604938507080078, 0.7345678806304932, 0.8580247163772583, 0.9259259104728699]
Val_accuracy: [0.6296296119689941, 0.6296296119689941, 0.37037035822868347, 0.6296296119689941, 0.6296296119689941, 0.6296296119689941, 0.6851851940155029, 0.6296296119689941, 0.6296296119689941, 0.3888888955116272, 0.6296296119689941, 0.6296296119689941, 0.6296296119689941, 0.7962962985038757, 0.6296296119689941, 0.6481481194496155, 0.7962962985038757, 0.7777777910232544, 0.7037037014961243, 0.8333333134651184, 0.8333333134651184, 0.7407407164573669, 0.8888888955116272, 0.8703703880310059, 0.7777777910232544, 0.7407407164573669, 0.7962962985038757, 0.6296296119689941, 0.8333333134651184, 0.6296296119689941, 0.7222222089767456, 0.7777777910232544, 0.7407407164573669, 0.7962962985038757]

