Modelo: ResNet34
Tempo de execução: 42.50941300392151
Loss: [0.8796531558036804, 0.680300772190094, 0.6915062665939331, 0.6572510600090027, 0.5554846525192261, 0.5444641709327698, 0.4587946832180023, 0.3717437982559204, 0.550072193145752, 0.4150557219982147, 0.2985084056854248, 0.3413844108581543, 0.34169870615005493, 0.39404523372650146, 0.25646495819091797]
Val_loss: [0.9827361702919006, 1.9611650705337524, 3.879716157913208, 9.179754257202148, 0.9436833262443542, 1.1362605094909668, 1.6825988292694092, 2.907113552093506, 1.5636039972305298, 1.8716195821762085, 1.0521990060806274, 1.576960563659668, 2.2310311794281006, 1.1488183736801147, 2.2722487449645996]
Accuracy: [0.6604938507080078, 0.709876537322998, 0.7037037014961243, 0.709876537322998, 0.7345678806304932, 0.7345678806304932, 0.7777777910232544, 0.8395061492919922, 0.7839506268501282, 0.8271604776382446, 0.8765432238578796, 0.8395061492919922, 0.8827160596847534, 0.8271604776382446, 0.895061731338501]
Val_accuracy: [0.7962962985038757, 0.6296296119689941, 0.40740740299224854, 0.2777777910232544, 0.5555555820465088, 0.5740740895271301, 0.5555555820465088, 0.40740740299224854, 0.5740740895271301, 0.5185185074806213, 0.6296296119689941, 0.5925925970077515, 0.5370370149612427, 0.5740740895271301, 0.5555555820465088]

