Modelo: ResNet34
Tempo de execução: 47.127379417419434
Loss: [1.0900076627731323, 0.9275487065315247, 0.6268012523651123, 0.6395021677017212, 0.5927185416221619, 0.5622578859329224, 0.536855936050415, 0.48443877696990967, 0.5369957089424133, 0.47088053822517395, 0.5086458325386047, 0.47029951214790344, 0.6648158431053162, 0.663110077381134, 0.4580978453159332, 0.4509024918079376, 0.433610200881958, 0.4190942347049713]
Val_loss: [0.6607789397239685, 1.2409909963607788, 1.3159761428833008, 0.7765334844589233, 3.833866834640503, 0.9344449043273926, 0.697014331817627, 0.5623918175697327, 11.761422157287598, 1.0451897382736206, 24.672130584716797, 0.626183807849884, 1.2684942483901978, 1.1713385581970215, 1.8578420877456665, 1.4841703176498413, 1.7107467651367188, 1.8018150329589844]
Accuracy: [0.6111111044883728, 0.5987654328346252, 0.6975308656692505, 0.6975308656692505, 0.7530864477157593, 0.7160493731498718, 0.7716049551963806, 0.8086419701576233, 0.790123462677002, 0.790123462677002, 0.790123462677002, 0.7839506268501282, 0.6728395223617554, 0.6851851940155029, 0.7962962985038757, 0.7962962985038757, 0.8271604776382446, 0.8024691343307495]
Val_accuracy: [0.6296296119689941, 0.37037035822868347, 0.37037035822868347, 0.6111111044883728, 0.37037035822868347, 0.6666666865348816, 0.5185185074806213, 0.7777777910232544, 0.37037035822868347, 0.5185185074806213, 0.37037035822868347, 0.8148148059844971, 0.5370370149612427, 0.42592594027519226, 0.6296296119689941, 0.46296295523643494, 0.6296296119689941, 0.3888888955116272]

